Date,Close,High,Low,Open,Volume,ticker
2021-07-23,16.31999969482422,19.68000030517578,16.31999969482422,17.649999618530273,6816100,CRBU
2021-07-26,16.75,18.780000686645508,16.75,18.0,1791800,CRBU
2021-07-27,15.960000038146973,17.770000457763672,15.0,17.320999145507812,1502200,CRBU
2021-07-28,15.75,16.299999237060547,15.449999809265137,16.100000381469727,909200,CRBU
2021-07-29,15.800000190734863,16.360000610351562,15.020000457763672,15.850000381469727,830300,CRBU
2021-07-30,16.200000762939453,16.25,15.359999656677246,15.600000381469727,383800,CRBU
2021-08-02,17.510000228881836,17.899999618530273,16.209999084472656,16.34000015258789,693200,CRBU
2021-08-03,17.200000762939453,19.030000686645508,17.1200008392334,18.43000030517578,656700,CRBU
2021-08-04,18.049999237060547,18.325000762939453,17.003000259399414,17.170000076293945,527700,CRBU
2021-08-05,21.700000762939453,22.59000015258789,18.219999313354492,18.219999313354492,1992900,CRBU
2021-08-06,22.389999389648438,25.989999771118164,21.920000076293945,22.75,1247300,CRBU
2021-08-09,26.1299991607666,26.450000762939453,23.3799991607666,23.3799991607666,1187900,CRBU
2021-08-10,27.59000015258789,29.0,26.329999923706055,26.329999923706055,1421800,CRBU
2021-08-11,25.3700008392334,28.48900032043457,24.8700008392334,28.200000762939453,1073800,CRBU
2021-08-12,23.229999542236328,27.0,22.799999237060547,25.450000762939453,917800,CRBU
2021-08-13,24.229999542236328,24.84000015258789,23.049999237060547,23.049999237060547,580100,CRBU
2021-08-16,26.479999542236328,27.15999984741211,23.34000015258789,24.350000381469727,589500,CRBU
2021-08-17,24.299999237060547,28.469999313354492,23.799999237060547,26.190000534057617,761500,CRBU
2021-08-18,27.040000915527344,27.75,24.5,25.139999389648438,734800,CRBU
2021-08-19,25.420000076293945,27.3700008392334,25.360000610351562,26.34000015258789,518200,CRBU
2021-08-20,26.09000015258789,26.799999237060547,25.610000610351562,26.020000457763672,845800,CRBU
2021-08-23,29.239999771118164,29.950000762939453,26.31999969482422,27.0,1357200,CRBU
2021-08-24,27.8700008392334,29.610000610351562,26.75,29.350000381469727,853400,CRBU
2021-08-25,28.489999771118164,29.0,27.09000015258789,28.059999465942383,590500,CRBU
2021-08-26,27.030000686645508,28.75,26.700000762939453,28.5,553500,CRBU
2021-08-27,26.979999542236328,27.639999389648438,25.399999618530273,26.770000457763672,797200,CRBU
2021-08-30,24.579999923706055,27.19499969482422,24.469999313354492,26.969999313354492,953200,CRBU
2021-08-31,27.200000762939453,27.299999237060547,24.760000228881836,24.760000228881836,649000,CRBU
2021-09-01,26.979999542236328,28.31999969482422,26.700000762939453,26.75,714000,CRBU
2021-09-02,28.489999771118164,29.139999389648438,26.68000030517578,26.68000030517578,668000,CRBU
2021-09-03,29.979999542236328,30.059999465942383,27.959999084472656,28.790000915527344,799000,CRBU
2021-09-07,30.290000915527344,32.64500045776367,29.520000457763672,31.829999923706055,1690700,CRBU
2021-09-08,28.31999969482422,30.996999740600586,27.799999237060547,30.889999389648438,1016400,CRBU
2021-09-09,28.84000015258789,29.530000686645508,28.280000686645508,28.31999969482422,669900,CRBU
2021-09-10,28.850000381469727,29.950000762939453,28.299999237060547,29.0,538600,CRBU
2021-09-13,27.6200008392334,29.139999389648438,27.079999923706055,29.0,655000,CRBU
2021-09-14,29.1299991607666,29.940000534057617,27.6200008392334,27.65999984741211,746700,CRBU
2021-09-15,27.549999237060547,29.3799991607666,27.25,28.75,874000,CRBU
2021-09-16,27.670000076293945,27.969999313354492,27.100000381469727,27.5,553500,CRBU
2021-09-17,24.56999969482422,27.950000762939453,24.200000762939453,27.5,4022900,CRBU
2021-09-20,23.520000457763672,24.219999313354492,22.5,23.892000198364258,938200,CRBU
2021-09-21,24.34000015258789,25.600000381469727,23.049999237060547,23.899999618530273,1156300,CRBU
2021-09-22,24.290000915527344,24.829999923706055,22.67300033569336,24.3700008392334,571500,CRBU
2021-09-23,26.489999771118164,26.628999710083008,24.040000915527344,24.5,445500,CRBU
2021-09-24,24.239999771118164,26.1299991607666,24.1299991607666,26.040000915527344,655900,CRBU
2021-09-27,24.030000686645508,24.4950008392334,23.040000915527344,24.0,379000,CRBU
2021-09-28,24.059999465942383,24.43000030517578,22.8799991607666,23.56999969482422,659100,CRBU
2021-09-29,23.799999237060547,25.459999084472656,23.0,23.959999084472656,655200,CRBU
2021-09-30,23.8700008392334,24.149999618530273,23.05500030517578,23.6200008392334,387200,CRBU
2021-10-01,22.309999465942383,23.420000076293945,21.399999618530273,23.260000228881836,694800,CRBU
2021-10-04,22.18000030517578,22.65999984741211,21.770000457763672,22.0,444600,CRBU
2021-10-05,22.450000762939453,22.690000534057617,21.729999542236328,22.25,422900,CRBU
2021-10-06,23.110000610351562,23.5,21.8799991607666,22.229999542236328,485600,CRBU
2021-10-07,22.600000381469727,23.950000762939453,22.299999237060547,23.110000610351562,450900,CRBU
2021-10-08,19.15999984741211,22.790000915527344,18.90999984741211,22.18000030517578,1208300,CRBU
2021-10-11,19.329999923706055,19.5,18.180999755859375,19.209999084472656,495500,CRBU
2021-10-12,20.530000686645508,20.639999389648438,19.520000457763672,19.610000610351562,526000,CRBU
2021-10-13,20.780000686645508,21.299999237060547,20.239999771118164,20.579999923706055,463100,CRBU
2021-10-14,22.59000015258789,23.170000076293945,21.0049991607666,21.75,415200,CRBU
2021-10-15,20.84000015258789,22.940000534057617,20.799999237060547,22.940000534057617,409800,CRBU
2021-10-18,20.030000686645508,21.059999465942383,19.889999389648438,21.0,404400,CRBU
2021-10-19,19.969999313354492,20.90999984741211,19.584999084472656,20.459999084472656,425300,CRBU
2021-10-20,19.780000686645508,20.450000762939453,19.399999618530273,20.020000457763672,374600,CRBU
2021-10-21,20.18000030517578,20.3799991607666,19.600000381469727,19.90999984741211,349700,CRBU
2021-10-22,20.700000762939453,20.809999465942383,19.600000381469727,20.3799991607666,260400,CRBU
2021-10-25,21.940000534057617,22.0,20.315000534057617,20.700000762939453,215600,CRBU
2021-10-26,23.149999618530273,24.0,21.562000274658203,21.920000076293945,404300,CRBU
2021-10-27,22.790000915527344,23.469999313354492,21.950000762939453,23.200000762939453,216100,CRBU
2021-10-28,22.110000610351562,23.33799934387207,21.969999313354492,22.579999923706055,222000,CRBU
2021-10-29,22.110000610351562,22.649999618530273,21.290000915527344,21.93000030517578,290900,CRBU
2021-11-01,22.190000534057617,23.191999435424805,22.010000228881836,22.010000228881836,334800,CRBU
2021-11-02,22.299999237060547,22.43000030517578,21.649999618530273,22.270000457763672,302300,CRBU
2021-11-03,22.889999389648438,23.790000915527344,22.389999389648438,22.459999084472656,303500,CRBU
2021-11-04,23.260000228881836,23.520000457763672,22.559999465942383,22.600000381469727,312200,CRBU
2021-11-05,22.440000534057617,23.399999618530273,22.079999923706055,23.200000762939453,212200,CRBU
2021-11-08,21.809999465942383,22.770000457763672,20.899999618530273,22.399999618530273,336100,CRBU
2021-11-09,21.15999984741211,22.350000381469727,20.780000686645508,21.809999465942383,330700,CRBU
2021-11-10,20.75,21.8700008392334,20.533000946044922,21.25,229400,CRBU
2021-11-11,20.520000457763672,21.170000076293945,20.40999984741211,20.8799991607666,298300,CRBU
2021-11-12,21.700000762939453,21.81999969482422,20.5,20.65999984741211,412600,CRBU
2021-11-15,21.729999542236328,23.440000534057617,21.149999618530273,22.450000762939453,295700,CRBU
2021-11-16,21.530000686645508,21.93000030517578,20.719999313354492,21.610000610351562,278400,CRBU
2021-11-17,22.25,22.649999618530273,21.18000030517578,21.3799991607666,254400,CRBU
2021-11-18,20.65999984741211,22.799999237060547,20.260000228881836,22.18000030517578,423500,CRBU
2021-11-19,21.280000686645508,21.899999618530273,20.559999465942383,20.559999465942383,257600,CRBU
2021-11-22,18.860000610351562,21.899999618530273,18.809999465942383,21.899999618530273,498500,CRBU
2021-11-23,17.600000381469727,18.850000381469727,17.1299991607666,18.6200008392334,570900,CRBU
2021-11-24,17.68000030517578,17.940000534057617,16.989999771118164,17.5,377900,CRBU
2021-11-26,17.68000030517578,18.597999572753906,17.200000762939453,17.5,200800,CRBU
2021-11-29,17.049999237060547,18.899999618530273,16.93000030517578,18.100000381469727,318200,CRBU
2021-11-30,18.59000015258789,18.90999984741211,16.979999542236328,18.049999237060547,974800,CRBU
2021-12-01,16.93000030517578,19.610000610351562,16.93000030517578,19.610000610351562,503200,CRBU
2021-12-02,18.010000228881836,18.170000076293945,16.15999984741211,16.940000534057617,458800,CRBU
2021-12-03,17.06999969482422,18.040000915527344,16.719999313354492,17.90999984741211,370800,CRBU
2021-12-06,16.920000076293945,17.139999389648438,16.270000457763672,16.739999771118164,473900,CRBU
2021-12-07,18.780000686645508,19.260000228881836,16.950000762939453,17.049999237060547,270200,CRBU
2021-12-08,18.760000228881836,19.315000534057617,17.920000076293945,19.040000915527344,197900,CRBU
2021-12-09,17.84000015258789,19.139999389648438,17.75,18.899999618530273,151000,CRBU
2021-12-10,17.440000534057617,18.479999542236328,17.399999618530273,17.969999313354492,175700,CRBU
2021-12-13,17.059999465942383,18.264999389648438,16.579999923706055,17.5,314000,CRBU
2021-12-14,16.510000228881836,17.030000686645508,15.899999618530273,16.639999389648438,456000,CRBU
2021-12-15,16.889999389648438,16.90999984741211,15.699999809265137,16.469999313354492,336900,CRBU
2021-12-16,15.84000015258789,17.299999237060547,15.5,17.299999237060547,389000,CRBU
2021-12-17,15.800000190734863,16.440000534057617,15.09000015258789,15.640000343322754,1177600,CRBU
2021-12-20,15.15999984741211,15.680000305175781,14.550000190734863,15.680000305175781,457500,CRBU
2021-12-21,15.8100004196167,15.90999984741211,15.149999618530273,15.34000015258789,474100,CRBU
2021-12-22,15.640000343322754,16.25,15.260000228881836,16.0,240100,CRBU
2021-12-23,16.170000076293945,16.790000915527344,15.25,15.460000038146973,527700,CRBU
2021-12-27,15.609999656677246,16.770000457763672,15.350000381469727,16.25,408500,CRBU
2021-12-28,15.300000190734863,16.34000015258789,15.109999656677246,15.510000228881836,398900,CRBU
2021-12-29,14.59000015258789,15.1899995803833,14.170000076293945,15.130000114440918,473600,CRBU
2021-12-30,14.890000343322754,15.526000022888184,14.529999732971191,14.529999732971191,280600,CRBU
2021-12-31,15.09000015258789,15.630000114440918,14.890000343322754,14.989999771118164,299500,CRBU
2022-01-03,15.319999694824219,15.65999984741211,14.75,15.140000343322754,241300,CRBU
2022-01-04,14.489999771118164,15.850000381469727,14.289999961853027,15.430000305175781,365200,CRBU
2022-01-05,13.399999618530273,14.5600004196167,13.368000030517578,14.520000457763672,419800,CRBU
2022-01-06,12.819999694824219,13.84000015258789,12.569999694824219,13.164999961853027,553100,CRBU
2022-01-07,13.010000228881836,13.260000228881836,12.609999656677246,12.930000305175781,465800,CRBU
2022-01-10,12.640000343322754,12.890000343322754,12.199999809265137,12.869999885559082,537100,CRBU
2022-01-11,12.949999809265137,13.0,12.399999618530273,12.65999984741211,685700,CRBU
2022-01-12,12.850000381469727,13.479999542236328,12.680000305175781,13.260000228881836,371200,CRBU
2022-01-13,11.630000114440918,13.130000114440918,11.5600004196167,13.130000114440918,637700,CRBU
2022-01-14,11.609999656677246,11.75,10.819999694824219,11.489999771118164,614800,CRBU
2022-01-18,10.869999885559082,11.800000190734863,10.800000190734863,11.210000038146973,575100,CRBU
2022-01-19,11.329999923706055,11.720000267028809,10.520000457763672,10.520000457763672,958800,CRBU
2022-01-20,10.739999771118164,11.75,10.579999923706055,11.479999542236328,1322000,CRBU
2022-01-21,10.260000228881836,11.149999618530273,10.130000114440918,10.640000343322754,567700,CRBU
2022-01-24,10.680000305175781,10.819999694824219,9.336999893188477,9.336999893188477,607200,CRBU
2022-01-25,10.640000343322754,11.029999732971191,10.329999923706055,10.4399995803833,327700,CRBU
2022-01-26,10.270000457763672,11.029999732971191,10.15999984741211,10.829999923706055,421300,CRBU
2022-01-27,10.069999694824219,10.687000274658203,9.920000076293945,10.380000114440918,443800,CRBU
2022-01-28,10.3100004196167,10.39900016784668,9.699999809265137,10.039999961853027,428400,CRBU
2022-01-31,10.729999542236328,11.0,10.220000267028809,10.630000114440918,943200,CRBU
2022-02-01,11.109999656677246,11.210000038146973,10.520000457763672,10.90999984741211,544700,CRBU
2022-02-02,10.470000267028809,11.479999542236328,10.350000381469727,11.1899995803833,510900,CRBU
2022-02-03,10.470000267028809,10.670000076293945,10.13599967956543,10.180000305175781,710300,CRBU
2022-02-04,10.600000381469727,11.1899995803833,10.329999923706055,10.420000076293945,425500,CRBU
2022-02-07,11.09000015258789,11.380000114440918,10.600000381469727,10.6899995803833,409100,CRBU
2022-02-08,11.6899995803833,11.850000381469727,10.75,11.010000228881836,413300,CRBU
2022-02-09,12.710000038146973,13.0600004196167,11.850000381469727,11.850000381469727,633100,CRBU
2022-02-10,11.989999771118164,12.850000381469727,11.550000190734863,12.460000038146973,681400,CRBU
2022-02-11,10.710000038146973,12.5600004196167,10.579999923706055,11.760000228881836,1131900,CRBU
2022-02-14,11.010000228881836,11.239999771118164,10.65999984741211,10.800000190734863,343200,CRBU
2022-02-15,11.59000015258789,11.829999923706055,11.119999885559082,11.25,494200,CRBU
2022-02-16,11.369999885559082,11.529999732971191,10.949999809265137,11.449999809265137,365100,CRBU
2022-02-17,10.220000267028809,11.199999809265137,10.149999618530273,11.149999618530273,393300,CRBU
2022-02-18,10.0,10.4399995803833,9.75,10.399999618530273,552700,CRBU
2022-02-22,9.75,10.15999984741211,9.65999984741211,9.84000015258789,525200,CRBU
2022-02-23,9.220000267028809,10.081000328063965,9.170000076293945,9.899999618530273,654600,CRBU
2022-02-24,9.84000015258789,9.880000114440918,8.699999809265137,8.869999885559082,703000,CRBU
2022-02-25,9.869999885559082,10.029999732971191,9.319999694824219,9.9399995803833,419500,CRBU
2022-02-28,9.979999542236328,10.1899995803833,9.760000228881836,9.760000228881836,561000,CRBU
2022-03-01,9.350000381469727,10.109999656677246,9.289999961853027,9.600000381469727,610900,CRBU
2022-03-02,9.289999961853027,9.760000228881836,9.199999809265137,9.399999618530273,399300,CRBU
2022-03-03,8.779999732971191,9.494999885559082,8.640000343322754,9.430000305175781,430400,CRBU
2022-03-04,8.930000305175781,8.979999542236328,8.550000190734863,8.680000305175781,444200,CRBU
2022-03-07,9.050000190734863,9.65999984741211,8.899999618530273,8.989999771118164,553600,CRBU
2022-03-08,9.239999771118164,9.869999885559082,8.829999923706055,9.069999694824219,508100,CRBU
2022-03-09,9.760000228881836,9.979999542236328,9.460000038146973,9.5,616700,CRBU
2022-03-10,9.520000457763672,9.649999618530273,9.350000381469727,9.630000114440918,509800,CRBU
2022-03-11,9.1899995803833,9.795000076293945,9.140000343322754,9.795000076293945,363300,CRBU
2022-03-14,8.420000076293945,9.279999732971191,8.40999984741211,9.220000267028809,601100,CRBU
2022-03-15,8.569999694824219,8.680000305175781,8.369999885559082,8.430000305175781,610800,CRBU
2022-03-16,8.850000381469727,9.029999732971191,8.550000190734863,8.789999961853027,806500,CRBU
2022-03-17,9.489999771118164,9.489999771118164,8.600000381469727,8.789999961853027,811500,CRBU
2022-03-18,9.770000457763672,10.779999732971191,9.4399995803833,9.4399995803833,4457400,CRBU
2022-03-21,9.149999618530273,9.970000267028809,9.0600004196167,9.770000457763672,787600,CRBU
2022-03-22,10.020000457763672,10.199999809265137,9.199999809265137,9.34000015258789,858700,CRBU
2022-03-23,9.600000381469727,10.1899995803833,9.595000267028809,9.949999809265137,342300,CRBU
2022-03-24,9.510000228881836,9.84000015258789,9.220000267028809,9.75,398900,CRBU
2022-03-25,9.220000267028809,9.8100004196167,9.050000190734863,9.550000190734863,345100,CRBU
2022-03-28,9.34000015258789,9.597999572753906,9.119999885559082,9.210000038146973,452700,CRBU
2022-03-29,9.449999809265137,9.720000267028809,9.390000343322754,9.470000267028809,365600,CRBU
2022-03-30,9.25,9.84000015258789,9.194999694824219,9.479999542236328,418200,CRBU
2022-03-31,9.180000305175781,9.40999984741211,9.119999885559082,9.279999732971191,417000,CRBU
2022-04-01,9.220000267028809,9.369999885559082,9.020000457763672,9.199999809265137,438400,CRBU
2022-04-04,9.579999923706055,9.6899995803833,9.3100004196167,9.489999771118164,309500,CRBU
2022-04-05,9.15999984741211,9.649999618530273,9.079999923706055,9.569999694824219,339300,CRBU
2022-04-06,8.710000038146973,9.050000190734863,8.510000228881836,9.010000228881836,376600,CRBU
2022-04-07,8.319999694824219,8.84000015258789,8.25,8.720000267028809,315800,CRBU
2022-04-08,8.260000228881836,8.550000190734863,8.079999923706055,8.319999694824219,527000,CRBU
2022-04-11,7.940000057220459,8.350000381469727,7.889999866485596,8.329999923706055,400500,CRBU
2022-04-12,7.800000190734863,8.380000114440918,7.789999961853027,8.09000015258789,251300,CRBU
2022-04-13,8.199999809265137,8.319999694824219,7.659999847412109,7.840000152587891,519700,CRBU
2022-04-14,8.140000343322754,8.300000190734863,8.069999694824219,8.210000038146973,201600,CRBU
2022-04-18,7.75,8.149999618530273,7.679999828338623,8.079999923706055,343100,CRBU
2022-04-19,8.180000305175781,8.229999542236328,7.639999866485596,7.800000190734863,316100,CRBU
2022-04-20,8.199999809265137,8.390000343322754,7.96999979019165,8.239999771118164,328800,CRBU
2022-04-21,7.980000019073486,8.46500015258789,7.860000133514404,8.319999694824219,259400,CRBU
2022-04-22,7.789999961853027,8.15999984741211,7.650000095367432,7.929999828338623,324700,CRBU
2022-04-25,7.929999828338623,7.980000019073486,7.650000095367432,7.730000019073486,268300,CRBU
2022-04-26,7.539999961853027,8.029999732971191,7.510000228881836,7.929999828338623,321800,CRBU
2022-04-27,7.320000171661377,7.650000095367432,7.150000095367432,7.599999904632568,340300,CRBU
2022-04-28,7.480000019073486,7.715000152587891,7.039999961853027,7.715000152587891,299800,CRBU
2022-04-29,7.400000095367432,7.824999809265137,7.360000133514404,7.420000076293945,199200,CRBU
2022-05-02,7.929999828338623,7.940000057220459,7.324999809265137,7.400000095367432,313200,CRBU
2022-05-03,7.800000190734863,8.029999732971191,7.610000133514404,7.960000038146973,184300,CRBU
2022-05-04,8.34000015258789,8.458999633789062,7.550000190734863,7.849999904632568,316000,CRBU
2022-05-05,7.78000020980835,8.130000114440918,7.540999889373779,8.130000114440918,559200,CRBU
2022-05-06,7.329999923706055,7.78000020980835,7.199999809265137,7.679999828338623,721200,CRBU
2022-05-09,6.670000076293945,7.260000228881836,6.539999961853027,7.260000228881836,514900,CRBU
2022-05-10,7.289999961853027,7.639999866485596,6.869999885559082,7.0,513000,CRBU
2022-05-11,6.630000114440918,7.420000076293945,6.565000057220459,7.309999942779541,746500,CRBU
2022-05-12,8.100000381469727,9.020000457763672,6.409999847412109,6.519999980926514,5526400,CRBU
2022-05-13,8.970000267028809,10.050000190734863,8.420000076293945,8.420000076293945,2758700,CRBU
2022-05-16,9.739999771118164,10.239999771118164,9.15999984741211,9.15999984741211,1364000,CRBU
2022-05-17,9.670000076293945,10.34000015258789,9.529999732971191,10.050000190734863,1281600,CRBU
2022-05-18,9.119999885559082,9.579999923706055,8.949999809265137,9.399999618530273,885700,CRBU
2022-05-19,8.640000343322754,9.390000343322754,8.550000190734863,9.020000457763672,681100,CRBU
2022-05-20,8.279999732971191,9.055000305175781,7.960000038146973,8.760000228881836,1254600,CRBU
2022-05-23,8.3100004196167,8.479999542236328,7.949999809265137,8.300000190734863,570400,CRBU
2022-05-24,8.0,8.15999984741211,7.739999771118164,8.100000381469727,911300,CRBU
2022-05-25,8.029999732971191,8.130000114440918,7.800000190734863,7.860000133514404,683300,CRBU
2022-05-26,8.220000267028809,8.319999694824219,7.889999866485596,8.09000015258789,962200,CRBU
2022-05-27,8.550000190734863,8.579999923706055,7.909999847412109,8.220000267028809,899000,CRBU
2022-05-31,8.329999923706055,8.760000228881836,8.079999923706055,8.619999885559082,1132800,CRBU
2022-06-01,8.329999923706055,8.510000228881836,8.069999694824219,8.350000381469727,821800,CRBU
2022-06-02,8.609999656677246,8.770000457763672,8.180000305175781,8.3100004196167,744400,CRBU
2022-06-03,8.739999771118164,9.210000038146973,8.579999923706055,8.59000015258789,944500,CRBU
2022-06-06,8.279999732971191,9.239999771118164,8.220000267028809,8.899999618530273,957700,CRBU
2022-06-07,8.920000076293945,9.0,8.199999809265137,8.359999656677246,550300,CRBU
2022-06-08,9.069999694824219,9.324999809265137,8.829999923706055,8.899999618530273,445500,CRBU
2022-06-09,8.720000267028809,9.119999885559082,8.670000076293945,8.9399995803833,371200,CRBU
2022-06-10,6.940000057220459,7.199999809265137,5.590000152587891,6.900000095367432,4854900,CRBU
2022-06-13,5.099999904632568,6.639999866485596,5.019999980926514,6.519999980926514,2049700,CRBU
2022-06-14,5.130000114440918,5.349999904632568,4.900000095367432,5.119999885559082,789200,CRBU
2022-06-15,5.300000190734863,5.360000133514404,5.010000228881836,5.179999828338623,676900,CRBU
2022-06-16,5.170000076293945,5.269999980926514,4.889999866485596,4.909999847412109,601500,CRBU
2022-06-17,5.550000190734863,5.670000076293945,5.170000076293945,5.230000019073486,937000,CRBU
2022-06-21,5.519999980926514,5.925000190734863,5.519999980926514,5.670000076293945,886000,CRBU
2022-06-22,5.710000038146973,5.929999828338623,5.239999771118164,5.400000095367432,873600,CRBU
2022-06-23,5.889999866485596,5.939000129699707,5.659999847412109,5.730000019073486,790100,CRBU
2022-06-24,5.860000133514404,6.179999828338623,5.659999847412109,6.0,1720000,CRBU
2022-06-27,5.809999942779541,5.929999828338623,5.619999885559082,5.900000095367432,650400,CRBU
2022-06-28,5.679999828338623,5.889999866485596,5.510000228881836,5.840000152587891,615600,CRBU
2022-06-29,5.559999942779541,5.639999866485596,5.389999866485596,5.639999866485596,584100,CRBU
2022-06-30,5.429999828338623,5.590000152587891,5.380000114440918,5.489999771118164,316200,CRBU
2022-07-01,5.340000152587891,5.514999866485596,5.25,5.46999979019165,404300,CRBU
2022-07-05,5.659999847412109,5.659999847412109,5.090000152587891,5.260000228881836,637900,CRBU
2022-07-06,5.800000190734863,5.860000133514404,5.510000228881836,5.659999847412109,318900,CRBU
2022-07-07,6.539999961853027,6.579999923706055,5.840000152587891,5.860000133514404,938900,CRBU
2022-07-08,6.789999961853027,6.809999942779541,6.111000061035156,6.409999847412109,565900,CRBU
2022-07-11,6.690000057220459,6.840000152587891,6.449999809265137,6.78000020980835,491300,CRBU
2022-07-12,6.730000019073486,6.739999771118164,6.159999847412109,6.679999828338623,420300,CRBU
2022-07-13,7.239999771118164,7.309999942779541,6.519999980926514,6.599999904632568,789500,CRBU
2022-07-14,7.380000114440918,7.480000019073486,6.96999979019165,7.21999979019165,364700,CRBU
2022-07-15,7.159999847412109,7.539999961853027,6.820000171661377,7.53000020980835,450900,CRBU
2022-07-18,6.730000019073486,7.480000019073486,6.71999979019165,7.25,406000,CRBU
2022-07-19,7.28000020980835,7.309999942779541,6.71999979019165,6.829999923706055,262100,CRBU
2022-07-20,7.829999923706055,7.920000076293945,7.28000020980835,7.349999904632568,391100,CRBU
2022-07-21,7.940000057220459,7.980000019073486,7.664999961853027,7.869999885559082,381300,CRBU
2022-07-22,7.550000190734863,7.989999771118164,7.441999912261963,7.989999771118164,359700,CRBU
2022-07-25,7.510000228881836,7.559999942779541,7.170000076293945,7.46999979019165,227100,CRBU
2022-07-26,7.739999771118164,7.900000095367432,7.264999866485596,7.510000228881836,259700,CRBU
2022-07-27,8.130000114440918,8.1899995803833,7.550000190734863,7.869999885559082,276500,CRBU
2022-07-28,8.239999771118164,8.3100004196167,7.744999885559082,8.199999809265137,1134400,CRBU
2022-07-29,8.119999885559082,8.3100004196167,7.71999979019165,8.140000343322754,618600,CRBU
2022-08-01,8.020000457763672,8.359999656677246,8.0,8.069999694824219,391400,CRBU
2022-08-02,8.010000228881836,8.229999542236328,7.869999885559082,7.96999979019165,333000,CRBU
2022-08-03,8.5600004196167,9.100000381469727,8.130000114440918,8.199999809265137,747300,CRBU
2022-08-04,8.5600004196167,8.739999771118164,8.220000267028809,8.739999771118164,583200,CRBU
2022-08-05,8.550000190734863,8.609999656677246,8.180000305175781,8.319999694824219,345600,CRBU
2022-08-08,8.449999809265137,8.819999694824219,8.244999885559082,8.600000381469727,475300,CRBU
2022-08-09,8.140000343322754,8.404999732971191,7.980000019073486,8.279999732971191,299300,CRBU
2022-08-10,9.300000190734863,9.364999771118164,7.849999904632568,8.109999656677246,851500,CRBU
2022-08-11,9.390000343322754,9.729999542236328,9.270999908447266,9.420000076293945,611800,CRBU
2022-08-12,9.90999984741211,10.0,9.425000190734863,9.5,415800,CRBU
2022-08-15,10.020000457763672,10.119999885559082,9.680000305175781,9.8100004196167,571400,CRBU
2022-08-16,10.75,12.15999984741211,9.829999923706055,10.0,3381000,CRBU
2022-08-17,10.40999984741211,10.880000114440918,9.6899995803833,10.420000076293945,1685400,CRBU
2022-08-18,10.329999923706055,10.479999542236328,9.675000190734863,10.359999656677246,750400,CRBU
2022-08-19,10.0600004196167,10.289999961853027,9.729999542236328,10.09000015258789,580900,CRBU
2022-08-22,9.899999618530273,10.09000015258789,9.5600004196167,9.579999923706055,560700,CRBU
2022-08-23,10.460000038146973,10.630000114440918,9.899999618530273,9.920000076293945,770600,CRBU
2022-08-24,11.130000114440918,11.470000267028809,10.300000190734863,10.479999542236328,1116100,CRBU
2022-08-25,11.270000457763672,11.40999984741211,10.90999984741211,11.300000190734863,508300,CRBU
2022-08-26,10.229999542236328,11.4399995803833,10.119999885559082,11.34000015258789,512700,CRBU
2022-08-29,9.960000038146973,10.6850004196167,9.869999885559082,9.9399995803833,453000,CRBU
2022-08-30,9.529999732971191,10.26200008392334,9.399999618530273,10.100000381469727,420600,CRBU
2022-08-31,9.869999885559082,10.100000381469727,9.350000381469727,9.819999694824219,651200,CRBU
2022-09-01,10.520000457763672,10.5600004196167,9.548999786376953,9.800000190734863,446300,CRBU
2022-09-02,9.845000267028809,10.645000457763672,9.760000228881836,10.609999656677246,478300,CRBU
2022-09-06,10.289999961853027,10.694999694824219,9.850000381469727,9.890000343322754,679200,CRBU
2022-09-07,11.289999961853027,11.380000114440918,10.34000015258789,10.34000015258789,669600,CRBU
2022-09-08,11.890000343322754,12.180000305175781,11.071999549865723,11.199999809265137,951900,CRBU
2022-09-09,11.470000267028809,12.138999938964844,11.369999885559082,11.979999542236328,546100,CRBU
2022-09-12,12.760000228881836,12.784000396728516,11.319999694824219,11.489999771118164,1396500,CRBU
2022-09-13,12.300000190734863,12.670000076293945,11.970000267028809,12.149999618530273,1015700,CRBU
2022-09-14,12.520000457763672,12.975000381469727,11.989999771118164,12.300000190734863,961600,CRBU
2022-09-15,12.789999961853027,13.1899995803833,12.399999618530273,12.40999984741211,1074300,CRBU
2022-09-16,11.369999885559082,12.399999618530273,10.545000076293945,12.359999656677246,5198500,CRBU
2022-09-19,11.34000015258789,11.550000190734863,10.760000228881836,11.020000457763672,879800,CRBU
2022-09-20,11.600000381469727,11.770000457763672,11.0600004196167,11.0600004196167,500900,CRBU
2022-09-21,10.970000267028809,11.710000038146973,10.937000274658203,11.640000343322754,597400,CRBU
2022-09-22,10.220000267028809,11.0,10.020000457763672,10.880000114440918,857000,CRBU
2022-09-23,9.9399995803833,10.229999542236328,9.65999984741211,9.979999542236328,839100,CRBU
2022-09-26,9.84000015258789,10.380000114440918,9.770000457763672,9.890000343322754,337800,CRBU
2022-09-27,10.210000038146973,10.5,10.029999732971191,10.170000076293945,454100,CRBU
2022-09-28,11.0,11.100000381469727,10.359999656677246,10.359999656677246,562400,CRBU
2022-09-29,10.420000076293945,10.920000076293945,10.130000114440918,10.920000076293945,484800,CRBU
2022-09-30,10.550000190734863,11.119999885559082,10.380000114440918,10.420000076293945,1257800,CRBU
2022-10-03,10.600000381469727,10.789999961853027,10.149999618530273,10.760000228881836,641400,CRBU
2022-10-04,11.010000228881836,11.520000457763672,10.800000190734863,11.050000190734863,698600,CRBU
2022-10-05,10.699999809265137,10.84000015258789,10.3100004196167,10.729999542236328,355400,CRBU
2022-10-06,10.920000076293945,11.119999885559082,10.555000305175781,10.6899995803833,429600,CRBU
2022-10-07,10.15999984741211,10.770000457763672,10.140000343322754,10.760000228881836,385800,CRBU
2022-10-10,9.420000076293945,10.135000228881836,9.260000228881836,10.050000190734863,821600,CRBU
2022-10-11,9.319999694824219,9.626999855041504,9.020000457763672,9.390000343322754,586200,CRBU
2022-10-12,9.539999961853027,9.645000457763672,9.010000228881836,9.390000343322754,510600,CRBU
2022-10-13,9.729999542236328,9.8100004196167,9.15999984741211,9.199999809265137,485600,CRBU
2022-10-14,9.350000381469727,10.130000114440918,9.3100004196167,9.920000076293945,335000,CRBU
2022-10-17,9.390000343322754,9.75,9.270000457763672,9.579999923706055,486400,CRBU
2022-10-18,9.109999656677246,9.779999732971191,8.829999923706055,9.670000076293945,568500,CRBU
2022-10-19,8.850000381469727,9.020000457763672,8.710000038146973,8.970000267028809,621500,CRBU
2022-10-20,8.989999771118164,9.359999656677246,8.79800033569336,8.920000076293945,344300,CRBU
2022-10-21,9.640000343322754,9.649999618530273,8.84000015258789,9.0600004196167,2293400,CRBU
2022-10-24,9.460000038146973,9.789999961853027,9.0,9.699999809265137,481700,CRBU
2022-10-25,9.770000457763672,9.960000038146973,9.5,9.520000457763672,406400,CRBU
2022-10-26,9.600000381469727,10.369999885559082,9.538000106811523,9.779999732971191,458300,CRBU
2022-10-27,9.279999732971191,9.770000457763672,9.109999656677246,9.770000457763672,379100,CRBU
2022-10-28,9.770000457763672,9.84000015258789,9.295000076293945,9.319999694824219,455100,CRBU
2022-10-31,9.739999771118164,10.029999732971191,9.6899995803833,9.800000190734863,416800,CRBU
2022-11-01,9.680000305175781,9.994999885559082,9.619999885559082,9.890000343322754,263400,CRBU
2022-11-02,9.449999809265137,10.0600004196167,9.279999732971191,9.619999885559082,668900,CRBU
2022-11-03,9.430000305175781,9.829999923706055,9.300000190734863,9.34000015258789,274900,CRBU
2022-11-04,9.34000015258789,9.680000305175781,9.100000381469727,9.680000305175781,419200,CRBU
2022-11-07,9.029999732971191,9.550000190734863,9.0,9.420000076293945,317500,CRBU
2022-11-08,9.3100004196167,9.529999732971191,8.970000267028809,9.09000015258789,377900,CRBU
2022-11-09,9.380000114440918,10.300000190734863,9.350000381469727,9.489999771118164,590300,CRBU
2022-11-10,10.069999694824219,10.350000381469727,9.84000015258789,9.899999618530273,715300,CRBU
2022-11-11,10.380000114440918,10.65999984741211,10.0600004196167,10.100000381469727,505000,CRBU
2022-11-14,10.270000457763672,10.670000076293945,10.1899995803833,10.390000343322754,372800,CRBU
2022-11-15,10.100000381469727,10.630000114440918,9.699999809265137,10.619999885559082,783500,CRBU
2022-11-16,9.180000305175781,10.119999885559082,9.109999656677246,10.050000190734863,457300,CRBU
2022-11-17,9.079999923706055,9.380000114440918,8.899999618530273,9.050000190734863,409100,CRBU
2022-11-18,9.079999923706055,9.449999809265137,9.0,9.350000381469727,242400,CRBU
2022-11-21,8.90999984741211,9.229999542236328,8.800000190734863,9.109999656677246,274200,CRBU
2022-11-22,8.760000228881836,9.050000190734863,8.529999732971191,8.979999542236328,386600,CRBU
2022-11-23,8.789999961853027,8.920000076293945,8.609999656677246,8.800000190734863,254800,CRBU
2022-11-25,8.75,8.880000114440918,8.630000114440918,8.710000038146973,261400,CRBU
2022-11-28,8.539999961853027,8.90999984741211,8.420000076293945,8.729999542236328,429200,CRBU
2022-11-29,8.34000015258789,8.949999809265137,8.319999694824219,8.949999809265137,454200,CRBU
2022-11-30,9.3100004196167,9.329999923706055,8.319999694824219,8.34000015258789,1043800,CRBU
2022-12-01,9.15999984741211,9.539999961853027,8.899999618530273,9.539999961853027,399500,CRBU
2022-12-02,9.609999656677246,9.640000343322754,8.9399995803833,9.0,434600,CRBU
2022-12-05,9.140000343322754,9.539999961853027,9.010000228881836,9.5,428700,CRBU
2022-12-06,9.350000381469727,9.515000343322754,9.0,9.199999809265137,493200,CRBU
2022-12-07,9.359999656677246,9.479999542236328,9.119999885559082,9.380000114440918,525200,CRBU
2022-12-08,9.25,9.65999984741211,9.069999694824219,9.4399995803833,699500,CRBU
2022-12-09,8.970000267028809,9.335000038146973,8.869999885559082,9.1899995803833,342800,CRBU
2022-12-12,8.15999984741211,8.350000381469727,7.715000152587891,7.869999885559082,1160300,CRBU
2022-12-13,8.199999809265137,8.649999618530273,8.0,8.59000015258789,675800,CRBU
2022-12-14,8.15999984741211,8.34000015258789,7.889999866485596,8.25,669200,CRBU
2022-12-15,7.730000019073486,8.180000305175781,7.679999828338623,8.079999923706055,533900,CRBU
2022-12-16,7.760000228881836,7.949999809265137,7.429999828338623,7.699999809265137,1803500,CRBU
2022-12-19,6.78000020980835,7.739999771118164,6.675000190734863,7.699999809265137,585100,CRBU
2022-12-20,6.639999866485596,6.809999942779541,6.539999961853027,6.71999979019165,551500,CRBU
2022-12-21,6.510000228881836,6.789999961853027,6.449999809265137,6.599999904632568,526700,CRBU
2022-12-22,6.539999961853027,6.539999961853027,6.309999942779541,6.449999809265137,701900,CRBU
2022-12-23,6.159999847412109,6.599999904632568,6.105000019073486,6.5,697400,CRBU
2022-12-27,5.659999847412109,6.144999980926514,5.510000228881836,6.130000114440918,855200,CRBU
2022-12-28,5.570000171661377,6.179999828338623,5.400000095367432,5.679999828338623,1121600,CRBU
2022-12-29,6.050000190734863,6.150000095367432,5.630000114440918,5.650000095367432,780200,CRBU
2022-12-30,6.28000020980835,6.349999904632568,5.949999809265137,5.949999809265137,969300,CRBU
2023-01-03,6.610000133514404,6.690000057220459,6.409999847412109,6.449999809265137,587300,CRBU
2023-01-04,7.119999885559082,7.139999866485596,6.590000152587891,6.659999847412109,506700,CRBU
2023-01-05,6.96999979019165,7.090000152587891,6.800000190734863,7.090000152587891,459600,CRBU
2023-01-06,6.880000114440918,7.03000020980835,6.510000228881836,7.03000020980835,516800,CRBU
2023-01-09,6.900000095367432,7.139999866485596,6.789999961853027,6.980000019073486,605200,CRBU
2023-01-10,6.929999828338623,7.110000133514404,6.804999828338623,6.849999904632568,475900,CRBU
2023-01-11,6.940000057220459,7.03000020980835,6.77400016784668,6.929999828338623,343000,CRBU
2023-01-12,7.460000038146973,7.489999771118164,6.800000190734863,6.989999771118164,487100,CRBU
2023-01-13,7.21999979019165,7.559999942779541,7.019999980926514,7.460000038146973,466600,CRBU
2023-01-17,7.21999979019165,7.380000114440918,7.15500020980835,7.25,464200,CRBU
2023-01-18,6.420000076293945,7.340000152587891,6.369999885559082,7.300000190734863,598700,CRBU
2023-01-19,6.289999961853027,6.460000038146973,6.22599983215332,6.3979997634887695,341200,CRBU
2023-01-20,6.389999866485596,6.429999828338623,6.199999809265137,6.389999866485596,466700,CRBU
2023-01-23,6.449999809265137,6.480000019073486,6.21999979019165,6.340000152587891,543100,CRBU
2023-01-24,6.730000019073486,6.809999942779541,6.369999885559082,6.440000057220459,589400,CRBU
2023-01-25,6.804999828338623,6.849999904632568,6.381999969482422,6.679999828338623,546700,CRBU
2023-01-26,6.940000057220459,6.989999771118164,6.599999904632568,6.929999828338623,380600,CRBU
2023-01-27,7.289999961853027,7.389999866485596,6.889999866485596,6.940000057220459,364800,CRBU
2023-01-30,7.130000114440918,7.289999961853027,7.010000228881836,7.199999809265137,436400,CRBU
2023-01-31,7.210000038146973,7.539999961853027,7.050000190734863,7.170000076293945,576300,CRBU
2023-02-01,7.429999828338623,7.559999942779541,6.922999858856201,7.21999979019165,449900,CRBU
2023-02-02,7.78000020980835,7.940000057220459,7.519999980926514,7.639999866485596,451400,CRBU
2023-02-03,7.599999904632568,7.889999866485596,7.559999942779541,7.579999923706055,355500,CRBU
2023-02-06,7.440000057220459,7.619999885559082,7.210000038146973,7.599999904632568,462800,CRBU
2023-02-07,7.349999904632568,7.5,7.150000095367432,7.420000076293945,522100,CRBU
2023-02-08,7.03000020980835,7.380000114440918,7.019999980926514,7.260000228881836,309000,CRBU
2023-02-09,6.789999961853027,7.199999809265137,6.760000228881836,7.139999866485596,512400,CRBU
2023-02-10,6.78000020980835,6.840000152587891,6.644999980926514,6.789999961853027,303200,CRBU
2023-02-13,6.730000019073486,7.0,6.574999809265137,6.769999980926514,238700,CRBU
2023-02-14,6.760000228881836,6.840000152587891,6.5,6.690000057220459,488600,CRBU
2023-02-15,6.760000228881836,6.829999923706055,6.539999961853027,6.699999809265137,526100,CRBU
2023-02-16,6.659999847412109,6.789999961853027,6.420000076293945,6.599999904632568,390400,CRBU
2023-02-17,6.849999904632568,6.864999771118164,6.389999866485596,6.639999866485596,422700,CRBU
2023-02-21,6.119999885559082,6.809999942779541,6.099999904632568,6.710000038146973,518900,CRBU
2023-02-22,6.210000038146973,6.28000020980835,6.010000228881836,6.119999885559082,486700,CRBU
2023-02-23,6.099999904632568,6.284999847412109,5.960000038146973,6.25,299400,CRBU
2023-02-24,5.800000190734863,5.980000019073486,5.71999979019165,5.949999809265137,407800,CRBU
2023-02-27,5.989999771118164,6.130000114440918,5.840000152587891,5.889999866485596,287100,CRBU
2023-02-28,6.090000152587891,6.190000057220459,5.974999904632568,6.010000228881836,374500,CRBU
2023-03-01,6.03000020980835,6.170000076293945,5.920000076293945,6.079999923706055,355400,CRBU
2023-03-02,5.920000076293945,6.005000114440918,5.869999885559082,5.949999809265137,292400,CRBU
2023-03-03,6.110000133514404,6.130000114440918,5.880000114440918,5.989999771118164,380900,CRBU
2023-03-06,5.800000190734863,6.15500020980835,5.559999942779541,6.139999866485596,390100,CRBU
2023-03-07,5.880000114440918,6.059999942779541,5.78000020980835,5.869999885559082,221700,CRBU
2023-03-08,5.869999885559082,5.960000038146973,5.795000076293945,5.889999866485596,198700,CRBU
2023-03-09,5.510000228881836,5.909999847412109,5.360000133514404,5.889999866485596,556500,CRBU
2023-03-10,5.179999828338623,5.570000171661377,4.949999809265137,5.539999961853027,929700,CRBU
2023-03-13,5.329999923706055,5.364999771118164,5.039999961853027,5.070000171661377,438600,CRBU
2023-03-14,5.199999809265137,5.545000076293945,5.119999885559082,5.539999961853027,612300,CRBU
2023-03-15,5.159999847412109,5.28000020980835,5.050000190734863,5.090000152587891,610500,CRBU
2023-03-16,5.039999961853027,5.179999828338623,4.929999828338623,5.070000171661377,472900,CRBU
2023-03-17,4.960000038146973,5.050000190734863,4.829999923706055,4.980000019073486,1525800,CRBU
2023-03-20,4.880000114440918,4.949999809265137,4.724999904632568,4.949999809265137,445500,CRBU
2023-03-21,4.809999942779541,4.989999771118164,4.769999980926514,4.989999771118164,373300,CRBU
2023-03-22,4.340000152587891,4.809999942779541,4.329999923706055,4.789999961853027,485900,CRBU
2023-03-23,4.300000190734863,4.480000019073486,4.119999885559082,4.409999847412109,620000,CRBU
2023-03-24,4.630000114440918,4.715000152587891,4.25,4.269999980926514,579500,CRBU
2023-03-27,4.690000057220459,4.820000171661377,4.550000190734863,4.679999828338623,417400,CRBU
2023-03-28,4.730000019073486,4.900000095367432,4.639999866485596,4.670000076293945,384200,CRBU
2023-03-29,5.170000076293945,5.210000038146973,4.71999979019165,4.789999961853027,536100,CRBU
2023-03-30,5.139999866485596,5.300000190734863,4.940000057220459,5.210000038146973,779600,CRBU
2023-03-31,5.309999942779541,5.329999923706055,5.010000228881836,5.130000114440918,531000,CRBU
2023-04-03,5.46999979019165,5.559999942779541,5.25,5.300000190734863,529800,CRBU
2023-04-04,5.210000038146973,5.554999828338623,5.079999923706055,5.5,512400,CRBU
2023-04-05,5.329999923706055,5.4629998207092285,5.210000038146973,5.269999980926514,355000,CRBU
2023-04-06,5.289999961853027,5.389999866485596,5.090000152587891,5.309999942779541,339600,CRBU
2023-04-10,4.840000152587891,5.260000228881836,4.829999923706055,5.260000228881836,380100,CRBU
2023-04-11,4.570000171661377,4.840000152587891,4.420000076293945,4.820000171661377,901300,CRBU
2023-04-12,4.329999923706055,4.699999809265137,4.300000190734863,4.599999904632568,548400,CRBU
2023-04-13,4.849999904632568,4.900000095367432,4.329999923706055,4.340000152587891,1468700,CRBU
2023-04-14,4.579999923706055,4.869999885559082,4.554999828338623,4.849999904632568,548800,CRBU
2023-04-17,4.75,4.909999847412109,4.590000152587891,4.630000114440918,775500,CRBU
2023-04-18,4.380000114440918,4.800000190734863,4.355000019073486,4.769999980926514,648600,CRBU
2023-04-19,4.449999809265137,4.505000114440918,4.340000152587891,4.349999904632568,372300,CRBU
2023-04-20,4.320000171661377,4.5,4.309999942779541,4.46999979019165,462600,CRBU
2023-04-21,4.46999979019165,4.5,4.329999923706055,4.329999923706055,461100,CRBU
2023-04-24,4.440000057220459,4.465000152587891,4.269999980926514,4.449999809265137,669800,CRBU
2023-04-25,4.300000190734863,4.5,4.269999980926514,4.409999847412109,445600,CRBU
2023-04-26,4.239999771118164,4.340000152587891,4.190000057220459,4.289999961853027,298800,CRBU
2023-04-27,4.170000076293945,4.335000038146973,4.159999847412109,4.25,367600,CRBU
2023-04-28,4.300000190734863,4.489999771118164,4.050000190734863,4.170000076293945,408000,CRBU
2023-05-01,4.409999847412109,4.5,4.293000221252441,4.300000190734863,407000,CRBU
2023-05-02,4.170000076293945,4.5,4.130000114440918,4.5,538400,CRBU
2023-05-03,4.329999923706055,4.429999828338623,4.179999828338623,4.230000019073486,501100,CRBU
2023-05-04,4.400000095367432,4.460000038146973,4.230000019073486,4.320000171661377,430000,CRBU
2023-05-05,4.440000057220459,4.579999923706055,4.380000114440918,4.46999979019165,460900,CRBU
2023-05-08,4.300000190734863,4.590000152587891,4.28000020980835,4.590000152587891,417000,CRBU
2023-05-09,4.400000095367432,4.480000019073486,4.199999809265137,4.300000190734863,363800,CRBU
2023-05-10,4.699999809265137,4.789999961853027,4.389999866485596,4.5,1160000,CRBU
2023-05-11,4.380000114440918,4.699999809265137,4.340000152587891,4.699999809265137,784800,CRBU
2023-05-12,4.210000038146973,4.409999847412109,4.110000133514404,4.380000114440918,626700,CRBU
2023-05-15,4.5,4.585000038146973,4.144999980926514,4.260000228881836,867900,CRBU
2023-05-16,4.25,4.449999809265137,4.21999979019165,4.429999828338623,375100,CRBU
2023-05-17,4.389999866485596,4.389999866485596,4.119999885559082,4.289999961853027,563200,CRBU
2023-05-18,4.260000228881836,4.349999904632568,4.159999847412109,4.349999904632568,476200,CRBU
2023-05-19,4.340000152587891,4.420000076293945,4.199999809265137,4.360000133514404,521100,CRBU
2023-05-22,4.78000020980835,4.824999809265137,4.309999942779541,4.340000152587891,796200,CRBU
2023-05-23,4.929999828338623,5.260000228881836,4.789999961853027,4.800000190734863,701600,CRBU
2023-05-24,4.550000190734863,4.900000095367432,4.380000114440918,4.900000095367432,573400,CRBU
2023-05-25,4.34499979019165,4.638999938964844,4.289999961853027,4.550000190734863,396400,CRBU
2023-05-26,4.40500020980835,4.420000076293945,4.210000038146973,4.340000152587891,575700,CRBU
2023-05-30,4.340000152587891,4.539999961853027,4.170000076293945,4.440000057220459,800000,CRBU
2023-05-31,4.409999847412109,4.550000190734863,4.178999900817871,4.360000133514404,2280300,CRBU
2023-06-01,4.579999923706055,4.75,4.360000133514404,4.429999828338623,679200,CRBU
2023-06-02,4.789999961853027,4.809999942779541,4.650000095367432,4.699999809265137,597000,CRBU
2023-06-05,4.769999980926514,4.840000152587891,4.710000038146973,4.760000228881836,405400,CRBU
2023-06-06,4.820000171661377,4.875,4.635000228881836,4.760000228881836,504700,CRBU
2023-06-07,4.78000020980835,4.96999979019165,4.690000057220459,4.820000171661377,471700,CRBU
2023-06-08,4.46999979019165,4.78000020980835,4.400000095367432,4.739999771118164,537300,CRBU
2023-06-09,4.289999961853027,4.559999942779541,4.269999980926514,4.5,542000,CRBU
2023-06-12,4.639999866485596,4.639999866485596,4.179999828338623,4.349999904632568,954900,CRBU
2023-06-13,4.889999866485596,4.949999809265137,4.559999942779541,4.630000114440918,763600,CRBU
2023-06-14,4.630000114440918,4.929999828338623,4.510000228881836,4.900000095367432,667800,CRBU
2023-06-15,4.599999904632568,4.659999847412109,4.409999847412109,4.579999923706055,785200,CRBU
2023-06-16,4.340000152587891,4.650000095367432,4.300000190734863,4.650000095367432,6656800,CRBU
2023-06-20,4.099999904632568,4.349999904632568,4.090000152587891,4.349999904632568,1661700,CRBU
2023-06-21,4.170000076293945,4.199999809265137,3.990000009536743,4.099999904632568,1156000,CRBU
2023-06-22,4.260000228881836,4.269999980926514,4.050000190734863,4.190000057220459,1014500,CRBU
2023-06-23,4.329999923706055,4.440000057220459,4.050000190734863,4.210000038146973,1918900,CRBU
2023-06-26,4.079999923706055,4.329999923706055,4.070000171661377,4.289999961853027,588500,CRBU
2023-06-27,4.090000152587891,4.144999980926514,3.9600000381469727,4.090000152587891,752300,CRBU
2023-06-28,4.039999961853027,4.110000133514404,3.9800000190734863,4.059999942779541,670800,CRBU
2023-06-29,4.079999923706055,4.090000152587891,3.9790000915527344,4.03000020980835,576100,CRBU
2023-06-30,4.25,4.300000190734863,4.039999961853027,4.130000114440918,867300,CRBU
2023-07-03,4.079999923706055,4.230000019073486,4.011000156402588,4.230000019073486,515900,CRBU
2023-07-05,4.079999923706055,4.179999828338623,4.039999961853027,4.079999923706055,594700,CRBU
2023-07-06,5.940000057220459,6.880000114440918,5.440000057220459,5.599999904632568,83355100,CRBU
2023-07-07,7.260000228881836,7.489999771118164,5.800000190734863,5.959000110626221,13058000,CRBU
2023-07-10,6.639999866485596,7.78000020980835,6.570000171661377,7.460000038146973,5448000,CRBU
2023-07-11,7.690000057220459,7.75,6.409999847412109,6.619999885559082,3869500,CRBU
2023-07-12,7.760000228881836,8.59000015258789,7.670000076293945,8.020000457763672,3214200,CRBU
2023-07-13,8.140000343322754,8.390000343322754,7.849999904632568,7.869999885559082,2867800,CRBU
2023-07-14,6.300000190734863,7.0,6.099999904632568,6.809999942779541,11781200,CRBU
2023-07-17,6.289999961853027,6.559999942779541,6.079999923706055,6.400000095367432,3926000,CRBU
2023-07-18,6.909999847412109,6.948999881744385,6.285999774932861,6.329999923706055,4325900,CRBU
2023-07-19,6.710000038146973,6.929999828338623,6.539999961853027,6.900000095367432,3959200,CRBU
2023-07-20,6.619999885559082,6.789999961853027,6.309999942779541,6.789999961853027,2748100,CRBU
2023-07-21,6.619999885559082,6.849999904632568,6.369999885559082,6.690000057220459,2399300,CRBU
2023-07-24,6.650000095367432,6.804999828338623,6.465000152587891,6.710000038146973,1594900,CRBU
2023-07-25,6.570000171661377,6.710000038146973,6.519999980926514,6.659999847412109,1246100,CRBU
2023-07-26,6.650000095367432,6.840000152587891,6.46999979019165,6.53000020980835,1496700,CRBU
2023-07-27,6.380000114440918,6.679999828338623,6.309999942779541,6.679999828338623,1832300,CRBU
2023-07-28,6.829999923706055,6.84499979019165,6.429999828338623,6.440000057220459,1502300,CRBU
2023-07-31,7.190000057220459,7.53000020980835,6.849999904632568,6.849999904632568,2070100,CRBU
2023-08-01,7.309999942779541,7.355000019073486,7.014999866485596,7.210000038146973,1322200,CRBU
2023-08-02,7.059999942779541,7.21999979019165,6.71999979019165,7.130000114440918,1554900,CRBU
2023-08-03,6.840000152587891,7.079999923706055,6.71999979019165,7.010000228881836,957300,CRBU
2023-08-04,6.71999979019165,6.9679999351501465,6.650000095367432,6.860000133514404,1035500,CRBU
2023-08-07,6.579999923706055,6.639999866485596,6.329999923706055,6.599999904632568,1165200,CRBU
2023-08-08,6.539999961853027,6.630000114440918,6.375,6.510000228881836,1437000,CRBU
2023-08-09,6.920000076293945,7.320000171661377,6.585000038146973,6.690000057220459,2187400,CRBU
2023-08-10,7.210000038146973,7.414999961853027,6.900000095367432,7.019999980926514,1185500,CRBU
2023-08-11,6.960000038146973,7.289999961853027,6.769999980926514,7.210000038146973,1244000,CRBU
2023-08-14,6.710000038146973,6.860000133514404,6.520999908447266,6.860000133514404,1361900,CRBU
2023-08-15,6.579999923706055,6.679999828338623,6.521999835968018,6.650000095367432,938900,CRBU
2023-08-16,6.429999828338623,6.625,6.349999904632568,6.599999904632568,818600,CRBU
2023-08-17,6.119999885559082,6.429999828338623,6.110000133514404,6.429999828338623,1388600,CRBU
2023-08-18,6.090000152587891,6.300000190734863,6.019999980926514,6.039999961853027,954100,CRBU
2023-08-21,6.210000038146973,6.300000190734863,5.940999984741211,6.110000133514404,1704800,CRBU
2023-08-22,6.309999942779541,6.335000038146973,6.099999904632568,6.21999979019165,639100,CRBU
2023-08-23,6.400000095367432,6.510000228881836,6.210000038146973,6.320000171661377,851500,CRBU
2023-08-24,6.309999942779541,6.420000076293945,6.159999847412109,6.380000114440918,681900,CRBU
2023-08-25,6.260000228881836,6.5,6.195000171661377,6.360000133514404,1065700,CRBU
2023-08-28,6.25,6.301000118255615,6.170000076293945,6.25,807400,CRBU
2023-08-29,6.079999923706055,6.355000019073486,6.03000020980835,6.25,2655100,CRBU
2023-08-30,6.0,6.140999794006348,5.96999979019165,6.059999942779541,1727700,CRBU
2023-08-31,5.889999866485596,6.050000190734863,5.880000114440918,6.019999980926514,2725800,CRBU
2023-09-01,5.880000114440918,6.059000015258789,5.840000152587891,6.0,825400,CRBU
2023-09-05,6.21999979019165,6.309999942779541,5.860000133514404,5.860000133514404,3075600,CRBU
2023-09-06,6.110000133514404,6.239999771118164,5.949999809265137,6.15500020980835,1357200,CRBU
2023-09-07,5.789999961853027,6.138999938964844,5.744999885559082,6.03000020980835,1199400,CRBU
2023-09-08,5.760000228881836,5.888999938964844,5.679999828338623,5.800000190734863,1716200,CRBU
2023-09-11,6.389999866485596,6.480000019073486,5.800000190734863,5.840000152587891,2364700,CRBU
2023-09-12,6.099999904632568,6.489999771118164,6.090000152587891,6.349999904632568,1725100,CRBU
2023-09-13,5.599999904632568,6.150000095367432,5.570000171661377,6.150000095367432,2129000,CRBU
2023-09-14,5.650000095367432,5.855000019073486,5.590000152587891,5.650000095367432,1671200,CRBU
2023-09-15,5.860000133514404,5.954999923706055,5.599999904632568,5.659999847412109,11824500,CRBU
2023-09-18,5.255000114440918,5.789999961853027,5.25,5.789999961853027,2065000,CRBU
2023-09-19,5.449999809265137,5.539999961853027,5.130000114440918,5.230000019073486,1220300,CRBU
2023-09-20,5.269999980926514,5.5,5.260000228881836,5.360000133514404,1200500,CRBU
2023-09-21,5.260000228881836,5.320000171661377,5.119999885559082,5.199999809265137,950500,CRBU
2023-09-22,5.090000152587891,5.289999961853027,5.059999942779541,5.289999961853027,1056600,CRBU
2023-09-25,4.960000038146973,5.039999961853027,4.828000068664551,5.039999961853027,1616500,CRBU
2023-09-26,4.909999847412109,5.130000114440918,4.889999866485596,4.96999979019165,909000,CRBU
2023-09-27,4.690000057220459,4.869999885559082,4.670000076293945,4.869999885559082,1244300,CRBU
2023-09-28,4.730000019073486,4.769999980926514,4.53000020980835,4.690000057220459,886000,CRBU
2023-09-29,4.78000020980835,4.954999923706055,4.760000228881836,4.809999942779541,897700,CRBU
2023-10-02,4.53000020980835,4.84499979019165,4.489999771118164,4.800000190734863,1101100,CRBU
2023-10-03,4.630000114440918,4.675000190734863,4.414999961853027,4.480000019073486,743600,CRBU
2023-10-04,4.519999980926514,4.610000133514404,4.46999979019165,4.599999904632568,1406800,CRBU
2023-10-05,4.590000152587891,4.639999866485596,4.375,4.510000228881836,992100,CRBU
2023-10-06,4.539999961853027,4.550000190734863,4.320000171661377,4.539999961853027,1034000,CRBU
2023-10-09,4.400000095367432,4.570000171661377,4.329999923706055,4.519999980926514,690500,CRBU
2023-10-10,4.53000020980835,4.590000152587891,4.34499979019165,4.409999847412109,796100,CRBU
2023-10-11,4.420000076293945,4.635000228881836,4.372000217437744,4.539999961853027,582500,CRBU
2023-10-12,4.130000114440918,4.429999828338623,4.070000171661377,4.429999828338623,1210600,CRBU
2023-10-13,4.190000057220459,4.224999904632568,4.050000190734863,4.130000114440918,1186900,CRBU
2023-10-16,4.269999980926514,4.349999904632568,4.110000133514404,4.230000019073486,855700,CRBU
2023-10-17,4.329999923706055,4.389999866485596,4.234000205993652,4.239999771118164,786300,CRBU
2023-10-18,4.070000171661377,4.300000190734863,4.050000190734863,4.300000190734863,978700,CRBU
2023-10-19,3.930000066757202,4.079999923706055,3.9000000953674316,4.079999923706055,981900,CRBU
2023-10-20,3.9100000858306885,4.0,3.7799999713897705,3.950000047683716,987000,CRBU
2023-10-23,3.809999942779541,3.944999933242798,3.7799999713897705,3.869999885559082,1456400,CRBU
2023-10-24,4.03000020980835,4.050000190734863,3.819999933242798,3.880000114440918,1348900,CRBU
2023-10-25,3.8299999237060547,4.03000020980835,3.809999942779541,4.03000020980835,830600,CRBU
2023-10-26,3.819999933242798,3.950000047683716,3.7850000858306885,3.8499999046325684,1001400,CRBU
2023-10-27,3.6600000858306885,3.9200000762939453,3.630000114440918,3.869999885559082,1471800,CRBU
2023-10-30,3.619999885559082,3.8399999141693115,3.565000057220459,3.690000057220459,1963800,CRBU
2023-10-31,3.630000114440918,3.8299999237060547,3.4800000190734863,3.7100000381469727,3139500,CRBU
2023-11-01,3.5799999237060547,3.630000114440918,3.440000057220459,3.630000114440918,2534100,CRBU
2023-11-02,3.700000047683716,3.740000009536743,3.4749999046325684,3.6500000953674316,2551400,CRBU
2023-11-03,4.179999828338623,4.260000228881836,3.759999990463257,3.759999990463257,3643600,CRBU
2023-11-06,4.769999980926514,4.849999904632568,4.239999771118164,4.275000095367432,3527700,CRBU
2023-11-07,4.769999980926514,4.889999866485596,4.630000114440918,4.71999979019165,2466900,CRBU
2023-11-08,4.53000020980835,4.980000019073486,4.480000019073486,4.980000019073486,2069000,CRBU
2023-11-09,3.944999933242798,4.630000114440918,3.940000057220459,4.619999885559082,1424900,CRBU
2023-11-10,3.8499999046325684,3.9600000381469727,3.700000047683716,3.9600000381469727,1348600,CRBU
2023-11-13,3.7899999618530273,3.869999885559082,3.7049999237060547,3.799999952316284,1095400,CRBU
2023-11-14,4.21999979019165,4.230000019073486,3.944999933242798,4.019999980926514,1565100,CRBU
2023-11-15,4.670000076293945,4.860000133514404,4.230000019073486,4.28000020980835,1852000,CRBU
2023-11-16,4.730000019073486,4.900000095367432,4.519999980926514,4.659999847412109,1779200,CRBU
2023-11-17,5.21999979019165,5.376999855041504,4.764999866485596,4.789999961853027,2268100,CRBU
2023-11-20,5.559999942779541,5.929999828338623,5.210000038146973,5.309999942779541,2789800,CRBU
2023-11-21,5.300000190734863,5.510000228881836,5.244999885559082,5.510000228881836,1086600,CRBU
2023-11-22,5.690000057220459,5.724999904632568,5.289999961853027,5.369999885559082,1024600,CRBU
2023-11-24,5.659999847412109,5.940000057220459,5.539999961853027,5.650000095367432,1109700,CRBU
2023-11-27,5.75,5.829999923706055,5.420000076293945,5.619999885559082,1567700,CRBU
2023-11-28,5.829999923706055,5.849999904632568,5.570000171661377,5.710000038146973,1088100,CRBU
2023-11-29,5.960000038146973,6.199999809265137,5.840000152587891,5.889999866485596,1745300,CRBU
2023-11-30,5.869999885559082,6.340000152587891,5.860000133514404,6.059999942779541,1995500,CRBU
2023-12-01,5.690000057220459,5.820000171661377,5.46999979019165,5.820000171661377,1922500,CRBU
2023-12-04,5.809999942779541,6.019999980926514,5.519999980926514,5.699999809265137,1495400,CRBU
2023-12-05,5.710000038146973,5.84499979019165,5.610000133514404,5.730000019073486,1017200,CRBU
2023-12-06,5.940000057220459,6.184999942779541,5.71999979019165,5.800000190734863,1353600,CRBU
2023-12-07,5.949999809265137,6.119999885559082,5.760000228881836,5.989999771118164,945800,CRBU
2023-12-08,5.809999942779541,6.164999961853027,5.760000228881836,5.949999809265137,1300400,CRBU
2023-12-11,5.760000228881836,5.789999961853027,5.534999847412109,5.769999980926514,923500,CRBU
2023-12-12,5.650000095367432,5.78000020980835,5.559999942779541,5.769999980926514,1478000,CRBU
2023-12-13,5.670000076293945,5.809999942779541,4.900000095367432,5.610000133514404,2895900,CRBU
2023-12-14,6.170000076293945,6.5,5.889999866485596,5.889999866485596,2614400,CRBU
2023-12-15,6.090000152587891,6.340000152587891,5.889999866485596,6.269999980926514,3398900,CRBU
2023-12-18,6.070000171661377,6.21999979019165,5.909999847412109,6.150000095367432,957200,CRBU
2023-12-19,6.25,6.300000190734863,6.019999980926514,6.090000152587891,1495200,CRBU
2023-12-20,5.880000114440918,6.340000152587891,5.855000019073486,6.340000152587891,1380200,CRBU
2023-12-21,6.170000076293945,6.260000228881836,5.909999847412109,6.010000228881836,1198300,CRBU
2023-12-22,6.170000076293945,6.5,6.059999942779541,6.199999809265137,1796400,CRBU
2023-12-26,6.159999847412109,6.324999809265137,6.090000152587891,6.21999979019165,1371300,CRBU
2023-12-27,5.909999847412109,6.210000038146973,5.804999828338623,6.159999847412109,2074000,CRBU
2023-12-28,5.880000114440918,5.96999979019165,5.630000114440918,5.869999885559082,3004200,CRBU
2023-12-29,5.730000019073486,5.920000076293945,5.679999828338623,5.889999866485596,1572300,CRBU
2024-01-02,5.570000171661377,6.114999771118164,5.5,5.710000038146973,1729100,CRBU
2024-01-03,5.199999809265137,5.519999980926514,5.085000038146973,5.519999980926514,1568800,CRBU
2024-01-04,5.159999847412109,5.25,5.03000020980835,5.239999771118164,1679200,CRBU
2024-01-05,4.820000171661377,5.199999809265137,4.690000057220459,5.139999866485596,1458300,CRBU
2024-01-08,5.739999771118164,5.75,4.820000171661377,4.900000095367432,3141900,CRBU
2024-01-09,5.739999771118164,5.869999885559082,5.453999996185303,5.610000133514404,1239700,CRBU
2024-01-10,5.960000038146973,6.03000020980835,5.400000095367432,5.710000038146973,3446100,CRBU
2024-01-11,5.300000190734863,5.900000095367432,5.28000020980835,5.900000095367432,2907900,CRBU
2024-01-12,5.434999942779541,5.75,5.340000152587891,5.340000152587891,1285500,CRBU
2024-01-16,5.239999771118164,5.40500020980835,5.164999961853027,5.360000133514404,1691600,CRBU
2024-01-17,5.199999809265137,5.199999809265137,5.005000114440918,5.110000133514404,979700,CRBU
2024-01-18,5.380000114440918,5.514999866485596,5.159999847412109,5.329999923706055,2055800,CRBU
2024-01-19,5.119999885559082,5.349999904632568,4.989999771118164,5.349999904632568,941500,CRBU
2024-01-22,5.360000133514404,5.389999866485596,5.059999942779541,5.119999885559082,961900,CRBU
2024-01-23,5.300000190734863,5.505000114440918,5.199999809265137,5.46999979019165,852000,CRBU
2024-01-24,5.210000038146973,5.420000076293945,5.170000076293945,5.380000114440918,769200,CRBU
2024-01-25,5.369999885559082,5.440000057220459,5.239999771118164,5.289999961853027,873700,CRBU
2024-01-26,5.460000038146973,5.591000080108643,5.389999866485596,5.449999809265137,1159000,CRBU
2024-01-29,5.989999771118164,6.0,5.300000190734863,5.460000038146973,1520300,CRBU
2024-01-30,6.070000171661377,6.099999904632568,5.795000076293945,5.940000057220459,1624400,CRBU
2024-01-31,6.130000114440918,6.460000038146973,5.900000095367432,6.0,1517400,CRBU
2024-02-01,6.690000057220459,6.704999923706055,6.010000228881836,6.210000038146973,1979100,CRBU
2024-02-02,6.730000019073486,6.810999870300293,6.349999904632568,6.550000190734863,3877400,CRBU
2024-02-05,6.760000228881836,6.815000057220459,6.5,6.590000152587891,1170200,CRBU
2024-02-06,6.880000114440918,7.099999904632568,6.690000057220459,6.730000019073486,1124200,CRBU
2024-02-07,6.519999980926514,6.900000095367432,6.510000228881836,6.889999866485596,1226500,CRBU
2024-02-08,6.789999961853027,6.900000095367432,6.485000133514404,6.489999771118164,971000,CRBU
2024-02-09,6.929999828338623,7.014999866485596,6.789999961853027,6.860000133514404,1078900,CRBU
2024-02-12,7.130000114440918,7.190000057220459,6.909999847412109,6.949999809265137,1681600,CRBU
2024-02-13,6.46999979019165,6.900000095367432,6.369999885559082,6.880000114440918,2141100,CRBU
2024-02-14,6.800000190734863,6.959000110626221,6.510000228881836,6.639999866485596,1663200,CRBU
2024-02-15,7.0,7.171000003814697,6.864999771118164,6.909999847412109,1317200,CRBU
2024-02-16,6.909999847412109,7.019999980926514,6.800000190734863,6.889999866485596,931100,CRBU
2024-02-20,6.809999942779541,6.980000019073486,6.659999847412109,6.800000190734863,760400,CRBU
2024-02-21,6.840000152587891,6.900000095367432,6.559999942779541,6.690000057220459,713700,CRBU
2024-02-22,6.920000076293945,7.019000053405762,6.78000020980835,6.840000152587891,914200,CRBU
2024-02-23,6.940000057220459,6.980000019073486,6.800000190734863,6.909999847412109,724600,CRBU
2024-02-26,7.420000076293945,7.53000020980835,7.010000228881836,7.039999961853027,1408600,CRBU
2024-02-27,8.260000228881836,8.28499984741211,7.5,7.514999866485596,2464100,CRBU
2024-02-28,8.039999961853027,8.329999923706055,7.980000019073486,8.229999542236328,1191600,CRBU
2024-02-29,7.909999847412109,8.180000305175781,7.820000171661377,8.119999885559082,1292900,CRBU
2024-03-01,7.789999961853027,8.220000267028809,7.75,8.0,1774500,CRBU
2024-03-04,7.5,7.929999828338623,7.449999809265137,7.920000076293945,1029600,CRBU
2024-03-05,7.340000152587891,7.570000171661377,7.236999988555908,7.449999809265137,1127600,CRBU
2024-03-06,7.409999847412109,7.5,7.210000038146973,7.460000038146973,1036700,CRBU
2024-03-07,7.400000095367432,7.739999771118164,7.320000171661377,7.449999809265137,1149100,CRBU
2024-03-08,7.420000076293945,7.730000019073486,7.28000020980835,7.53000020980835,838200,CRBU
2024-03-11,7.21999979019165,7.610000133514404,7.184999942779541,7.380000114440918,992200,CRBU
2024-03-12,5.019999980926514,7.239999771118164,4.989999771118164,7.159999847412109,6645100,CRBU
2024-03-13,5.599999904632568,5.619999885559082,5.070000171661377,5.239999771118164,3936600,CRBU
2024-03-14,5.360000133514404,5.940000057220459,5.28000020980835,5.579999923706055,2606300,CRBU
2024-03-15,5.369999885559082,5.46999979019165,5.25,5.28000020980835,2687700,CRBU
2024-03-18,5.224999904632568,5.559999942779541,5.184999942779541,5.559999942779541,1826600,CRBU
2024-03-19,5.389999866485596,5.675000190734863,5.329999923706055,5.389999866485596,1285000,CRBU
2024-03-20,5.480000019073486,5.510000228881836,5.21999979019165,5.380000114440918,1267700,CRBU
2024-03-21,5.25,5.769999980926514,5.244999885559082,5.579999923706055,1978100,CRBU
2024-03-22,5.230000019073486,5.300000190734863,5.119999885559082,5.260000228881836,1215200,CRBU
2024-03-25,5.289999961853027,5.614999771118164,5.199999809265137,5.25,1666500,CRBU
2024-03-26,5.059999942779541,5.5,5.059999942779541,5.349999904632568,1147100,CRBU
2024-03-27,5.119999885559082,5.175000190734863,5.050000190734863,5.139999866485596,1003100,CRBU
2024-03-28,5.139999866485596,5.228000164031982,5.065000057220459,5.150000095367432,1347700,CRBU
2024-04-01,5.050000190734863,5.150000095367432,4.96999979019165,5.139999866485596,1101900,CRBU
2024-04-02,4.78000020980835,4.96999979019165,4.71999979019165,4.921999931335449,3108900,CRBU
2024-04-03,4.679999828338623,4.914999961853027,4.664999961853027,4.78000020980835,1976200,CRBU
2024-04-04,4.539999961853027,4.849999904632568,4.514999866485596,4.769999980926514,1898700,CRBU
2024-04-05,4.5,4.664999961853027,4.389999866485596,4.610000133514404,2339300,CRBU
2024-04-08,4.360000133514404,4.579999923706055,4.320000171661377,4.550000190734863,1484300,CRBU
2024-04-09,4.460000038146973,4.590000152587891,4.329999923706055,4.400000095367432,1481700,CRBU
2024-04-10,4.349999904632568,4.440000057220459,4.204999923706055,4.389999866485596,2135300,CRBU
2024-04-11,4.329999923706055,4.420000076293945,4.275000095367432,4.420000076293945,950200,CRBU
2024-04-12,4.199999809265137,4.369999885559082,4.119999885559082,4.369999885559082,1962600,CRBU
2024-04-15,4.070000171661377,4.389999866485596,4.03000020980835,4.170000076293945,1609000,CRBU
2024-04-16,4.010000228881836,4.119999885559082,3.9649999141693115,4.079999923706055,1272500,CRBU
2024-04-17,3.9100000858306885,4.090000152587891,3.8499999046325684,4.050000190734863,1998800,CRBU
2024-04-18,3.9100000858306885,4.014999866485596,3.875,3.880000114440918,1415600,CRBU
2024-04-19,3.8499999046325684,4.03000020980835,3.7799999713897705,3.9000000953674316,1713500,CRBU
2024-04-22,3.990000009536743,4.074999809265137,3.799999952316284,3.890000104904175,1384800,CRBU
2024-04-23,3.9800000190734863,4.210000038146973,3.9800000190734863,4.0,930700,CRBU
2024-04-24,3.8499999046325684,4.039999961853027,3.799999952316284,4.0,1079700,CRBU
2024-04-25,3.759999990463257,3.8399999141693115,3.7100000381469727,3.799999952316284,1632700,CRBU
2024-04-26,3.7100000381469727,3.9000000953674316,3.690000057220459,3.9000000953674316,1045000,CRBU
2024-04-29,3.7799999713897705,3.8949999809265137,3.7100000381469727,3.740000009536743,1476600,CRBU
2024-04-30,3.630000114440918,3.759999990463257,3.609999895095825,3.759999990463257,1473200,CRBU
2024-05-01,3.690000057220459,3.8499999046325684,3.609999895095825,3.6500000953674316,1739900,CRBU
2024-05-02,3.640000104904175,3.819999933242798,3.559999942779541,3.75,2348400,CRBU
2024-05-03,3.7699999809265137,3.9000000953674316,3.690000057220459,3.7699999809265137,1817400,CRBU
2024-05-06,3.8299999237060547,3.930000066757202,3.759999990463257,3.8499999046325684,1572000,CRBU
2024-05-07,3.7300000190734863,3.890000104904175,3.684999942779541,3.880000114440918,1237300,CRBU
2024-05-08,3.5,3.700000047683716,3.440000057220459,3.640000104904175,2406000,CRBU
2024-05-09,3.6500000953674316,3.694999933242798,3.5,3.5,1507700,CRBU
2024-05-10,3.5399999618530273,3.799999952316284,3.5209999084472656,3.6700000762939453,1000900,CRBU
2024-05-13,3.7100000381469727,3.9149999618530273,3.5999999046325684,3.5999999046325684,2382300,CRBU
2024-05-14,3.640000104904175,3.9100000858306885,3.625,3.819999933242798,1460800,CRBU
2024-05-15,3.640000104904175,3.8350000381469727,3.619999885559082,3.75,2469200,CRBU
2024-05-16,3.5899999141693115,3.7200000286102295,3.5199999809265137,3.6600000858306885,1765800,CRBU
2024-05-17,3.390000104904175,3.640000104904175,3.365000009536743,3.5999999046325684,2515200,CRBU
2024-05-20,3.130000114440918,3.450000047683716,3.009999990463257,3.4100000858306885,7586100,CRBU
2024-05-21,3.0899999141693115,3.140000104904175,2.9800000190734863,3.130000114440918,3668600,CRBU
2024-05-22,3.109999895095825,3.190000057220459,2.9800000190734863,3.0999999046325684,2673200,CRBU
2024-05-23,3.009999990463257,3.119999885559082,2.9749999046325684,3.109999895095825,2725200,CRBU
2024-05-24,2.9700000286102295,3.049999952316284,2.950000047683716,3.0299999713897705,1532500,CRBU
2024-05-28,2.990000009536743,3.059999942779541,2.940000057220459,3.0,1474100,CRBU
2024-05-29,2.880000114440918,2.950000047683716,2.7750000953674316,2.9200000762939453,2086000,CRBU
2024-05-30,2.8499999046325684,2.940000057220459,2.7950000762939453,2.9100000858306885,1550300,CRBU
2024-05-31,2.880000114440918,2.9800000190734863,2.859999895095825,2.9100000858306885,1469000,CRBU
2024-06-03,2.1449999809265137,2.299999952316284,1.75,1.9199999570846558,9304000,CRBU
2024-06-04,2.1649999618530273,2.390000104904175,2.0810000896453857,2.0899999141693115,3725000,CRBU
2024-06-05,2.119999885559082,2.190000057220459,2.059999942779541,2.1600000858306885,3698400,CRBU
2024-06-06,2.0899999141693115,2.1500000953674316,2.0350000858306885,2.119999885559082,2157800,CRBU
2024-06-07,1.9500000476837158,2.0899999141693115,1.9500000476837158,2.0899999141693115,2014000,CRBU
2024-06-10,1.8799999952316284,1.9500000476837158,1.8300000429153442,1.9500000476837158,3450500,CRBU
2024-06-11,1.940000057220459,1.9500000476837158,1.8300000429153442,1.8799999952316284,5255400,CRBU
2024-06-12,1.9700000286102295,2.119999885559082,1.909999966621399,2.009999990463257,2524900,CRBU
2024-06-13,1.9299999475479126,2.009999990463257,1.8799999952316284,1.9299999475479126,1572700,CRBU
2024-06-14,1.7899999618530273,1.9299999475479126,1.7799999713897705,1.9299999475479126,3220200,CRBU
2024-06-17,1.75,1.8200000524520874,1.684999942779541,1.7999999523162842,4102500,CRBU
2024-06-18,1.6399999856948853,1.7899999618530273,1.6399999856948853,1.7899999618530273,2840700,CRBU
2024-06-20,1.7200000286102295,1.7350000143051147,1.600000023841858,1.659999966621399,2343000,CRBU
2024-06-21,1.7200000286102295,1.7899999618530273,1.6699999570846558,1.7300000190734863,8385300,CRBU
2024-06-24,1.8700000047683716,1.8949999809265137,1.715000033378601,1.7200000286102295,2750100,CRBU
2024-06-25,1.7599999904632568,1.8650000095367432,1.7300000190734863,1.8600000143051147,1502200,CRBU
2024-06-26,1.6200000047683716,1.7899999618530273,1.6150000095367432,1.7599999904632568,1801900,CRBU
2024-06-27,1.6799999475479126,1.725000023841858,1.5700000524520874,1.6200000047683716,2062800,CRBU
2024-06-28,1.6399999856948853,1.6799999475479126,1.5700000524520874,1.649999976158142,3146900,CRBU
2024-07-01,1.590000033378601,1.7100000381469727,1.5800000429153442,1.659999966621399,1275200,CRBU
2024-07-02,1.600000023841858,1.6399999856948853,1.534999966621399,1.600000023841858,1669800,CRBU
2024-07-03,1.600000023841858,1.6449999809265137,1.5499999523162842,1.600000023841858,944300,CRBU
2024-07-05,1.600000023841858,1.6050000190734863,1.5,1.600000023841858,2075700,CRBU
2024-07-08,1.559999942779541,1.659999966621399,1.5399999618530273,1.600000023841858,1799100,CRBU
2024-07-09,1.6200000047683716,1.6200000047683716,1.5,1.5299999713897705,1667200,CRBU
2024-07-10,1.7000000476837158,1.75,1.600000023841858,1.600000023841858,1933400,CRBU
2024-07-11,1.8799999952316284,1.8799999952316284,1.7400000095367432,1.7400000095367432,2108100,CRBU
2024-07-12,2.0199999809265137,2.065000057220459,1.9199999570846558,1.940000057220459,2600700,CRBU
2024-07-15,2.130000114440918,2.1449999809265137,1.9700000286102295,2.049999952316284,2476200,CRBU
2024-07-16,2.7300000190734863,2.744999885559082,2.0799999237060547,2.1700000762939453,10207000,CRBU
2024-07-17,2.640000104904175,2.690000057220459,2.4100000858306885,2.640000104904175,3640200,CRBU
2024-07-18,2.4000000953674316,2.7100000381469727,2.319999933242798,2.6700000762939453,2647600,CRBU
2024-07-19,2.2950000762939453,2.4100000858306885,2.240000009536743,2.369999885559082,1163400,CRBU
2024-07-22,2.319999933242798,2.325000047683716,2.184000015258789,2.299999952316284,2345000,CRBU
2024-07-23,2.4000000953674316,2.440000057220459,2.2209999561309814,2.309999942779541,1594900,CRBU
2024-07-24,2.259999990463257,2.490000009536743,2.25,2.380000114440918,1566700,CRBU
2024-07-25,2.440000057220459,2.4700000286102295,2.2300000190734863,2.2799999713897705,1070400,CRBU
2024-07-26,2.490000009536743,2.575000047683716,2.440000057220459,2.5,1143900,CRBU
2024-07-29,2.359999895095825,2.549999952316284,2.3299999237060547,2.549999952316284,1097000,CRBU
2024-07-30,2.299999952316284,2.4579999446868896,2.2799999713897705,2.4000000953674316,748700,CRBU
2024-07-31,2.319999933242798,2.4549999237060547,2.2300000190734863,2.3299999237060547,1542000,CRBU
2024-08-01,2.240000009536743,2.359999895095825,2.059999942779541,2.319999933242798,1188600,CRBU
2024-08-02,2.130000114440918,2.184999942779541,2.071000099182129,2.109999895095825,926900,CRBU
2024-08-05,1.9550000429153442,2.005000114440918,1.909999966621399,1.909999966621399,1269200,CRBU
2024-08-06,1.9550000429153442,2.049999952316284,1.9049999713897705,2.0299999713897705,964500,CRBU
2024-08-07,1.899999976158142,2.244999885559082,1.8700000047683716,2.0299999713897705,1611200,CRBU
2024-08-08,2.0199999809265137,2.0399999618530273,1.9010000228881836,1.9700000286102295,918000,CRBU
2024-08-09,1.940000057220459,2.069999933242798,1.9199999570846558,2.0199999809265137,844000,CRBU
2024-08-12,1.850000023841858,1.9600000381469727,1.850000023841858,1.940000057220459,823200,CRBU
2024-08-13,1.8600000143051147,1.8949999809265137,1.809999942779541,1.850000023841858,974200,CRBU
2024-08-14,1.899999976158142,1.909999966621399,1.7999999523162842,1.850000023841858,1495100,CRBU
2024-08-15,2.0799999237060547,2.109999895095825,1.9240000247955322,1.9600000381469727,941400,CRBU
2024-08-16,2.0899999141693115,2.140000104904175,2.0160000324249268,2.069999933242798,633100,CRBU
2024-08-19,2.180000066757202,2.190000057220459,2.049999952316284,2.059999942779541,560600,CRBU
2024-08-20,2.130000114440918,2.200000047683716,2.075000047683716,2.200000047683716,746000,CRBU
2024-08-21,2.2300000190734863,2.265000104904175,2.1500000953674316,2.180000066757202,894800,CRBU
2024-08-22,2.0899999141693115,2.240000009536743,2.0799999237060547,2.240000009536743,405900,CRBU
2024-08-23,2.2100000381469727,2.309999942779541,2.0999999046325684,2.0999999046325684,1070100,CRBU
2024-08-26,2.2100000381469727,2.255000114440918,2.174999952316284,2.2300000190734863,838200,CRBU
2024-08-27,2.1600000858306885,2.2200000286102295,2.109999895095825,2.200000047683716,559300,CRBU
2024-08-28,2.0899999141693115,2.1600000858306885,2.049999952316284,2.130000114440918,437800,CRBU
2024-08-29,2.109999895095825,2.190000057220459,2.0950000286102295,2.119999885559082,822900,CRBU
2024-08-30,2.1600000858306885,2.1700000762939453,2.065000057220459,2.119999885559082,570500,CRBU
2024-09-03,1.9800000190734863,2.240000009536743,1.940000057220459,2.1700000762939453,1246100,CRBU
2024-09-04,1.899999976158142,2.0399999618530273,1.8899999856948853,1.9700000286102295,1034000,CRBU
2024-09-05,1.8300000429153442,1.9600000381469727,1.8300000429153442,1.9199999570846558,1891800,CRBU
2024-09-06,1.7200000286102295,1.8609999418258667,1.6299999952316284,1.8300000429153442,2625700,CRBU
2024-09-09,1.7649999856948853,1.8799999952316284,1.7050000429153442,1.7200000286102295,1024600,CRBU
2024-09-10,1.9600000381469727,1.9800000190734863,1.75,1.809999942779541,1229100,CRBU
2024-09-11,2.0399999618530273,2.059999942779541,1.9049999713897705,1.9700000286102295,819400,CRBU
2024-09-12,2.0299999713897705,2.0950000286102295,2.0,2.049999952316284,557000,CRBU
2024-09-13,2.119999885559082,2.134999990463257,2.063999891281128,2.0899999141693115,718600,CRBU
2024-09-16,2.0299999713897705,2.119999885559082,1.9550000429153442,2.0999999046325684,756300,CRBU
2024-09-17,2.0999999046325684,2.190000057220459,2.0299999713897705,2.0399999618530273,718500,CRBU
2024-09-18,2.0799999237060547,2.2249999046325684,2.065000057220459,2.0999999046325684,1213800,CRBU
2024-09-19,2.069999933242798,2.2200000286102295,2.065000057220459,2.180000066757202,732500,CRBU
2024-09-20,2.069999933242798,2.0999999046325684,1.9850000143051147,2.049999952316284,1224300,CRBU
2024-09-23,1.899999976158142,2.0999999046325684,1.8899999856948853,2.0999999046325684,1121900,CRBU
2024-09-24,1.9199999570846558,1.965000033378601,1.8899999856948853,1.940000057220459,461000,CRBU
2024-09-25,1.8899999856948853,1.9900000095367432,1.8799999952316284,1.9199999570846558,500500,CRBU
2024-09-26,1.940000057220459,1.9700000286102295,1.8799999952316284,1.9600000381469727,457300,CRBU
2024-09-27,1.9800000190734863,2.009999990463257,1.8899999856948853,1.9800000190734863,1259000,CRBU
2024-09-30,1.9600000381469727,2.069999933242798,1.9199999570846558,1.9500000476837158,527000,CRBU
2024-10-01,1.8300000429153442,1.9550000429153442,1.8200000524520874,1.9500000476837158,781700,CRBU
2024-10-02,1.7799999713897705,1.8650000095367432,1.7549999952316284,1.8200000524520874,1542800,CRBU
2024-10-03,1.7899999618530273,1.809999942779541,1.7400000095367432,1.7899999618530273,830000,CRBU
2024-10-04,1.8700000047683716,1.909999966621399,1.815000057220459,1.850000023841858,700500,CRBU
2024-10-07,1.8200000524520874,1.8700000047683716,1.7799999713897705,1.8700000047683716,566600,CRBU
2024-10-08,1.8899999856948853,1.9450000524520874,1.7999999523162842,1.8200000524520874,1205500,CRBU
2024-10-09,1.850000023841858,1.9199999570846558,1.8350000381469727,1.909999966621399,504200,CRBU
2024-10-10,1.7999999523162842,1.8600000143051147,1.7799999713897705,1.850000023841858,686700,CRBU
2024-10-11,1.899999976158142,1.899999976158142,1.7699999809265137,1.7999999523162842,953100,CRBU
2024-10-14,1.899999976158142,1.9249999523162842,1.850000023841858,1.899999976158142,537800,CRBU
2024-10-15,1.9500000476837158,2.0,1.8799999952316284,1.899999976158142,744600,CRBU
2024-10-16,2.059999942779541,2.069999933242798,1.9600000381469727,1.9700000286102295,985100,CRBU
2024-10-17,1.940000057220459,2.069999933242798,1.9249999523162842,2.069999933242798,579400,CRBU
2024-10-18,2.0,2.0199999809265137,1.9500000476837158,1.9500000476837158,484600,CRBU
2024-10-21,1.9700000286102295,2.009999990463257,1.9500000476837158,2.0,391000,CRBU
2024-10-22,1.9800000190734863,2.009999990463257,1.9199999570846558,1.9700000286102295,326000,CRBU
2024-10-23,1.9199999570846558,2.0250000953674316,1.8899999856948853,2.0,490700,CRBU
2024-10-24,1.8200000524520874,1.9199999570846558,1.809999942779541,1.9199999570846558,956400,CRBU
2024-10-25,1.7699999809265137,1.8700000047683716,1.7699999809265137,1.8600000143051147,1016600,CRBU
2024-10-28,1.8799999952316284,1.9700000286102295,1.7730000019073486,1.7899999618530273,1722300,CRBU
2024-10-29,1.9299999475479126,2.065000057220459,1.8600000143051147,1.8799999952316284,1980900,CRBU
2024-10-30,1.9700000286102295,2.119999885559082,1.899999976158142,1.909999966621399,1654300,CRBU
2024-10-31,1.9600000381469727,2.0,1.8650000095367432,1.9700000286102295,1454500,CRBU
2024-11-01,2.2100000381469727,2.240000009536743,1.9700000286102295,1.9700000286102295,1906700,CRBU
2024-11-04,2.3399999141693115,2.4000000953674316,2.059999942779541,2.2100000381469727,2432600,CRBU
2024-11-05,2.559999942779541,2.5799999237060547,2.2950000762939453,2.299999952316284,2956700,CRBU
2024-11-06,2.75,2.7799999713897705,2.5350000858306885,2.690000057220459,2895800,CRBU
2024-11-07,2.7799999713897705,3.0,2.369999885559082,2.6500000953674316,3595400,CRBU
2024-11-08,2.680000066757202,2.950000047683716,2.630000114440918,2.819999933242798,2467800,CRBU
2024-11-11,2.7899999618530273,2.8499999046325684,2.5450000762939453,2.7100000381469727,1454500,CRBU
2024-11-12,2.3450000286102295,2.7100000381469727,2.299999952316284,2.7100000381469727,1935800,CRBU
2024-11-13,2.200000047683716,2.4600000381469727,2.200000047683716,2.380000114440918,1598400,CRBU
2024-11-14,2.0899999141693115,2.2100000381469727,2.0299999713897705,2.200000047683716,1471500,CRBU
2024-11-15,1.9900000095367432,2.119999885559082,1.9700000286102295,2.119999885559082,1725800,CRBU
2024-11-18,1.9800000190734863,2.0889999866485596,1.9299999475479126,1.9900000095367432,1394400,CRBU
2024-11-19,1.9900000095367432,2.0199999809265137,1.909999966621399,1.9700000286102295,1254100,CRBU
2024-11-20,1.9600000381469727,2.0799999237060547,1.909999966621399,2.0,2230000,CRBU
2024-11-21,1.9800000190734863,2.0390000343322754,1.909999966621399,2.0,1143800,CRBU
2024-11-22,2.0199999809265137,2.049999952316284,1.9320000410079956,1.9800000190734863,989200,CRBU
2024-11-25,2.0199999809265137,2.119999885559082,2.009999990463257,2.069999933242798,1328800,CRBU
2024-11-26,2.0199999809265137,2.515000104904175,1.9900000095367432,2.509999990463257,2793300,CRBU
2024-11-27,2.200000047683716,2.200000047683716,2.0,2.0399999618530273,2105100,CRBU
2024-11-29,2.190000057220459,2.2799999713897705,2.1600000858306885,2.2100000381469727,788200,CRBU
2024-12-02,2.369999885559082,2.380000114440918,2.1700000762939453,2.2100000381469727,2356000,CRBU
2024-12-03,2.1700000762939453,2.380000114440918,2.130000114440918,2.369999885559082,1408700,CRBU
2024-12-04,2.0350000858306885,2.1700000762939453,2.0199999809265137,2.1700000762939453,1135200,CRBU
2024-12-05,1.9700000286102295,2.059999942779541,1.940000057220459,2.0,1564600,CRBU
2024-12-06,2.130000114440918,2.130000114440918,1.9800000190734863,2.009999990463257,1138800,CRBU
2024-12-09,2.140000104904175,2.259999990463257,2.0999999046325684,2.130000114440918,2090700,CRBU
2024-12-10,2.0299999713897705,2.125,1.9700000286102295,2.109999895095825,1324200,CRBU
2024-12-11,2.0199999809265137,2.0799999237060547,1.9500000476837158,2.0799999237060547,979400,CRBU
2024-12-12,1.940000057220459,2.0299999713897705,1.909999966621399,2.0299999713897705,1234000,CRBU
2024-12-13,1.909999966621399,1.9500000476837158,1.8200000524520874,1.940000057220459,1283200,CRBU
2024-12-16,1.909999966621399,1.9700000286102295,1.850000023841858,1.8899999856948853,1297400,CRBU
2024-12-17,1.940000057220459,1.9500000476837158,1.850000023841858,1.8799999952316284,1201200,CRBU
2024-12-18,1.7799999713897705,1.9500000476837158,1.7400000095367432,1.9500000476837158,1823800,CRBU
2024-12-19,1.809999942779541,1.8300000429153442,1.7200000286102295,1.8300000429153442,1188700,CRBU
2024-12-20,1.7999999523162842,1.8600000143051147,1.7549999952316284,1.7799999713897705,1994400,CRBU
2024-12-23,1.7899999618530273,1.840000033378601,1.7599999904632568,1.840000033378601,1211000,CRBU
2024-12-24,1.690000057220459,1.8049999475479126,1.649999976158142,1.7899999618530273,1102800,CRBU
2024-12-26,1.7000000476837158,1.7000000476837158,1.5800000429153442,1.690000057220459,1473100,CRBU
2024-12-27,1.6699999570846558,1.75,1.6100000143051147,1.690000057220459,1236900,CRBU
2024-12-30,1.6100000143051147,1.659999966621399,1.5499999523162842,1.649999976158142,1875600,CRBU
2024-12-31,1.590000033378601,1.6150000095367432,1.5399999618530273,1.6100000143051147,1714200,CRBU
2025-01-02,1.6799999475479126,1.774999976158142,1.6100000143051147,1.6399999856948853,1357900,CRBU
2025-01-03,1.7200000286102295,1.7300000190734863,1.649999976158142,1.6799999475479126,782200,CRBU
2025-01-06,1.8799999952316284,1.940000057220459,1.75,1.7799999713897705,2006800,CRBU
2025-01-07,1.8700000047683716,2.0399999618530273,1.8300000429153442,1.9199999570846558,1747100,CRBU
2025-01-08,1.7200000286102295,1.850000023841858,1.684999942779541,1.850000023841858,1456900,CRBU
2025-01-10,1.6399999856948853,1.7400000095367432,1.5700000524520874,1.7400000095367432,2086600,CRBU
2025-01-13,1.5499999523162842,1.7000000476837158,1.5,1.7000000476837158,2773500,CRBU
2025-01-14,1.559999942779541,1.6299999952316284,1.5399999618530273,1.5800000429153442,1832800,CRBU
2025-01-15,1.5700000524520874,1.690000057220459,1.534999966621399,1.6100000143051147,1813000,CRBU
2025-01-16,1.5399999618530273,1.5700000524520874,1.5,1.5700000524520874,877800,CRBU
2025-01-17,1.5299999713897705,1.5800000429153442,1.5199999809265137,1.5800000429153442,1027700,CRBU
2025-01-21,1.5199999809265137,1.5850000381469727,1.5099999904632568,1.559999942779541,1371400,CRBU
2025-01-22,1.5199999809265137,1.5449999570846558,1.5099999904632568,1.5199999809265137,1122400,CRBU
2025-01-23,1.5199999809265137,1.534999966621399,1.4700000286102295,1.5099999904632568,1225300,CRBU
2025-01-24,1.5099999904632568,1.5499999523162842,1.5,1.5399999618530273,1049500,CRBU
2025-01-27,1.4800000190734863,1.5399999618530273,1.4299999475479126,1.4800000190734863,1196000,CRBU
2025-01-28,1.399999976158142,1.5,1.399999976158142,1.5,1296300,CRBU
2025-01-29,1.340000033378601,1.4199999570846558,1.3300000429153442,1.4199999570846558,2692300,CRBU
2025-01-30,1.309999942779541,1.3700000047683716,1.2999999523162842,1.3700000047683716,1677500,CRBU
2025-01-31,1.4299999475479126,1.5700000524520874,1.3200000524520874,1.3799999952316284,3666300,CRBU
2025-02-03,1.3700000047683716,1.409999966621399,1.340000033378601,1.3799999952316284,1505700,CRBU
2025-02-04,1.399999976158142,1.4199999570846558,1.350000023841858,1.399999976158142,1156100,CRBU
2025-02-05,1.4600000381469727,1.4800000190734863,1.38100004196167,1.399999976158142,999800,CRBU
2025-02-06,1.4199999570846558,1.4900000095367432,1.4199999570846558,1.4700000286102295,920500,CRBU
2025-02-07,1.350000023841858,1.4199999570846558,1.350000023841858,1.409999966621399,682800,CRBU
2025-02-10,1.3200000524520874,1.3849999904632568,1.3200000524520874,1.3700000047683716,845000,CRBU
2025-02-11,1.2599999904632568,1.340000033378601,1.2200000286102295,1.340000033378601,1745200,CRBU
2025-02-12,1.2899999618530273,1.2999999523162842,1.2200000286102295,1.2599999904632568,633800,CRBU
2025-02-13,1.309999942779541,1.3200000524520874,1.2599999904632568,1.2999999523162842,560200,CRBU
2025-02-14,1.350000023841858,1.4199999570846558,1.3200000524520874,1.350000023841858,1184800,CRBU
2025-02-18,1.4199999570846558,1.4600000381469727,1.3300000429153442,1.340000033378601,1655700,CRBU
2025-02-19,1.4299999475479126,1.4550000429153442,1.3700000047683716,1.399999976158142,993400,CRBU
2025-02-20,1.409999966621399,1.4199999570846558,1.3600000143051147,1.4199999570846558,547800,CRBU
2025-02-21,1.309999942779541,1.4299999475479126,1.2999999523162842,1.4199999570846558,784300,CRBU
2025-02-24,1.2799999713897705,1.3600000143051147,1.2799999713897705,1.2999999523162842,1007200,CRBU
2025-02-25,1.2400000095367432,1.2799999713897705,1.2000000476837158,1.2799999713897705,1130000,CRBU
2025-02-26,1.2000000476837158,1.25,1.1749999523162842,1.25,1727900,CRBU
2025-02-27,1.159999966621399,1.2400000095367432,1.159999966621399,1.2000000476837158,970400,CRBU
2025-02-28,1.1699999570846558,1.190000057220459,1.1100000143051147,1.1699999570846558,1305000,CRBU
2025-03-03,1.0700000524520874,1.1699999570846558,1.0700000524520874,1.149999976158142,1393200,CRBU
2025-03-04,1.100000023841858,1.1349999904632568,1.0119999647140503,1.0499999523162842,1190300,CRBU
2025-03-05,1.149999976158142,1.159999966621399,1.0800000429153442,1.1200000047683716,1059700,CRBU
2025-03-06,1.159999966621399,1.159999966621399,1.100000023841858,1.149999976158142,694000,CRBU
2025-03-07,1.159999966621399,1.1699999570846558,1.1100000143051147,1.159999966621399,555600,CRBU
2025-03-10,1.1050000190734863,1.159999966621399,1.0700000524520874,1.149999976158142,859900,CRBU
2025-03-11,1.0700000524520874,1.1299999952316284,1.0199999809265137,1.1200000047683716,1023200,CRBU
2025-03-12,1.059999942779541,1.1100000143051147,1.0299999713897705,1.0700000524520874,637900,CRBU
2025-03-13,0.9860000014305115,1.0750000476837158,0.9800000190734863,1.0499999523162842,1323000,CRBU
2025-03-14,1.0099999904632568,1.0299999713897705,1.0,1.0199999809265137,739300,CRBU
2025-03-17,1.0199999809265137,1.0499999523162842,0.9900000095367432,1.0499999523162842,986400,CRBU
2025-03-18,0.949999988079071,1.0499999523162842,0.949999988079071,1.0299999713897705,1389600,CRBU
2025-03-19,0.9509999752044678,0.9869999885559082,0.949999988079071,0.9610000252723694,738300,CRBU
2025-03-20,1.0,1.0199999809265137,0.949999988079071,0.9599999785423279,592100,CRBU
2025-03-21,1.0399999618530273,1.0499999523162842,0.949999988079071,1.0,1140800,CRBU
2025-03-24,1.0199999809265137,1.059999942779541,1.0099999904632568,1.0199999809265137,601300,CRBU
2025-03-25,0.9599999785423279,1.0399999618530273,0.9190000295639038,1.0399999618530273,1907500,CRBU
2025-03-26,0.8809999823570251,0.9700000286102295,0.8799999952316284,0.9549999833106995,1248200,CRBU
2025-03-27,0.9890000224113464,1.0099999904632568,0.8849999904632568,0.8889999985694885,1332300,CRBU
2025-03-28,0.9390000104904175,1.0,0.925000011920929,0.9929999709129333,644400,CRBU
2025-03-31,0.9129999876022339,0.9430000185966492,0.8889999985694885,0.9070000052452087,1156400,CRBU
2025-04-01,0.8410000205039978,0.9380000233650208,0.8360000252723694,0.9380000233650208,808300,CRBU
2025-04-02,0.8610000014305115,0.8989999890327454,0.7160000205039978,0.8199999928474426,1316800,CRBU
2025-04-03,0.7850000262260437,0.8500000238418579,0.781000018119812,0.8240000009536743,953800,CRBU
2025-04-04,0.7680000066757202,0.7839999794960022,0.7009999752044678,0.7409999966621399,1010900,CRBU
2025-04-07,0.7570000290870667,0.7799999713897705,0.6600000262260437,0.699999988079071,1787300,CRBU
2025-04-08,0.7900000214576721,0.8489999771118164,0.7680000066757202,0.7940000295639038,978800,CRBU
2025-04-09,0.8960000276565552,0.9800000190734863,0.7649999856948853,0.800000011920929,1527100,CRBU
2025-04-10,0.8600000143051147,0.8999999761581421,0.8230000138282776,0.8899999856948853,835500,CRBU
2025-04-11,0.8740000128746033,0.9380000233650208,0.8109999895095825,0.906000018119812,653300,CRBU
2025-04-14,0.800000011920929,0.9200000166893005,0.800000011920929,0.8999999761581421,958900,CRBU
2025-04-15,0.7789999842643738,0.8220000267028809,0.7609999775886536,0.800000011920929,1061300,CRBU
2025-04-16,0.7329999804496765,0.7799999713897705,0.7099999785423279,0.7639999985694885,915800,CRBU
2025-04-17,0.7350000143051147,0.781000018119812,0.7200000286102295,0.7200000286102295,997900,CRBU
2025-04-21,0.7950000166893005,0.8659999966621399,0.75,0.7599999904632568,1252000,CRBU
2025-04-22,0.8360000252723694,0.8399999737739563,0.800000011920929,0.8159999847412109,917700,CRBU
2025-04-23,0.8420000076293945,0.8989999890327454,0.8339999914169312,0.8500000238418579,949700,CRBU
2025-04-24,0.8730000257492065,0.875,0.8299999833106995,0.8500000238418579,624300,CRBU
2025-04-25,0.7739999890327454,0.8980000019073486,0.7699999809265137,0.8730000257492065,1431200,CRBU
2025-04-28,0.7720000147819519,0.7979999780654907,0.7300000190734863,0.7699999809265137,3856000,CRBU
2025-04-29,0.8519999980926514,0.8600000143051147,0.7509999871253967,0.8149999976158142,1195000,CRBU
2025-04-30,0.8510000109672546,0.8600000143051147,0.8019999861717224,0.8259999752044678,786400,CRBU
2025-05-01,0.8019999861717224,0.8600000143051147,0.7739999890327454,0.8600000143051147,772100,CRBU
2025-05-02,0.8799999952316284,0.9120000004768372,0.7929999828338623,0.800000011920929,1023500,CRBU
2025-05-05,0.859000027179718,0.906000018119812,0.8399999737739563,0.8799999952316284,470600,CRBU
2025-05-06,0.7540000081062317,0.8460000157356262,0.75,0.8399999737739563,919200,CRBU
2025-05-07,0.7599999904632568,0.7680000066757202,0.7400000095367432,0.7580000162124634,453400,CRBU
2025-05-08,0.7900000214576721,0.8080000281333923,0.7300000190734863,0.7850000262260437,554200,CRBU
2025-05-09,0.7739999890327454,0.8659999966621399,0.7519999742507935,0.7900000214576721,932800,CRBU
2025-05-12,0.8180000185966492,0.8489999771118164,0.7900000214576721,0.800000011920929,856400,CRBU
2025-05-13,0.7829999923706055,0.8220000267028809,0.7799999713897705,0.8220000267028809,797500,CRBU
2025-05-14,0.8190000057220459,0.8399999737739563,0.7699999809265137,0.800000011920929,1178100,CRBU
2025-05-15,0.8399999737739563,0.8399999737739563,0.7689999938011169,0.800000011920929,701600,CRBU
2025-05-16,0.9380000233650208,0.9390000104904175,0.8199999928474426,0.8299999833106995,1195100,CRBU
2025-05-19,1.0499999523162842,1.0499999523162842,0.9179999828338623,0.9390000104904175,1099100,CRBU
2025-05-20,1.100000023841858,1.1200000047683716,1.0099999904632568,1.059999942779541,1382100,CRBU
2025-05-21,1.0149999856948853,1.0800000429153442,0.984000027179718,1.0800000429153442,817900,CRBU
2025-05-22,1.0950000286102295,1.100000023841858,1.0,1.0299999713897705,567400,CRBU
2025-05-23,1.0199999809265137,1.090000033378601,1.0199999809265137,1.0499999523162842,458300,CRBU
2025-05-27,1.090000033378601,1.1100000143051147,1.024999976158142,1.0499999523162842,1235600,CRBU
2025-05-28,1.1200000047683716,1.2100000381469727,1.0399999618530273,1.0700000524520874,1566400,CRBU
2025-05-29,1.159999966621399,1.2000000476837158,1.090000033378601,1.159999966621399,1389100,CRBU
2025-05-30,1.059999942779541,1.1549999713897705,1.0299999713897705,1.1399999856948853,1260700,CRBU
2025-06-02,0.9750000238418579,1.0750000476837158,0.9610000252723694,1.059999942779541,2428200,CRBU
2025-06-03,1.0499999523162842,1.090000033378601,0.9570000171661377,1.0199999809265137,1255200,CRBU
2025-06-04,1.1299999952316284,1.1399999856948853,1.0199999809265137,1.0399999618530273,912900,CRBU
2025-06-05,1.090000033378601,1.1399999856948853,1.0750000476837158,1.1399999856948853,446500,CRBU
2025-06-06,1.2599999904632568,1.3250000476837158,1.1100000143051147,1.1100000143051147,2030300,CRBU
2025-06-09,1.2699999809265137,1.309999942779541,1.2400000095367432,1.2699999809265137,1117600,CRBU
2025-06-10,1.2200000286102295,1.3049999475479126,1.2050000429153442,1.2999999523162842,1891600,CRBU
2025-06-11,1.1799999475479126,1.2649999856948853,1.1749999523162842,1.2400000095367432,1032200,CRBU
2025-06-12,1.159999966621399,1.2000000476837158,1.1299999952316284,1.2000000476837158,886800,CRBU
2025-06-13,1.1100000143051147,1.159999966621399,1.090000033378601,1.1299999952316284,1163500,CRBU
2025-06-16,1.1200000047683716,1.1399999856948853,1.0399999618530273,1.0800000429153442,1076300,CRBU
2025-06-17,1.159999966621399,1.2200000286102295,1.1349999904632568,1.1699999570846558,1206800,CRBU
2025-06-18,1.2799999713897705,1.309999942779541,1.1200000047683716,1.159999966621399,1255700,CRBU
2025-06-20,1.340000033378601,1.3650000095367432,1.25,1.3300000429153442,2077300,CRBU
2025-06-23,1.3200000524520874,1.3550000190734863,1.2009999752044678,1.340000033378601,1320000,CRBU
2025-06-24,1.409999966621399,1.440000057220459,1.3250000476837158,1.3600000143051147,1086700,CRBU
2025-06-25,1.4199999570846558,1.4299999475479126,1.3450000286102295,1.4299999475479126,930500,CRBU
2025-06-26,1.350000023841858,1.4199999570846558,1.2949999570846558,1.4199999570846558,1368000,CRBU
2025-06-27,1.2599999904632568,1.3799999952316284,1.2599999904632568,1.3799999952316284,12140700,CRBU
2025-06-30,1.2599999904632568,1.3200000524520874,1.25,1.2799999713897705,853500,CRBU
2025-07-01,1.25,1.3200000524520874,1.2200000286102295,1.2599999904632568,923000,CRBU
2025-07-02,1.3700000047683716,1.3799999952316284,1.2400000095367432,1.2599999904632568,1515800,CRBU
2025-07-03,1.3700000047683716,1.4249999523162842,1.340000033378601,1.3799999952316284,746500,CRBU
2025-07-07,1.3899999856948853,1.409999966621399,1.3350000381469727,1.3600000143051147,1642700,CRBU
2025-07-08,1.600000023841858,1.6399999856948853,1.4249999523162842,1.440000057220459,2573100,CRBU
2025-07-09,1.75,1.7799999713897705,1.600000023841858,1.6299999952316284,2285600,CRBU
2025-07-10,1.7400000095367432,1.7899999618530273,1.6699999570846558,1.7899999618530273,1620800,CRBU
2025-07-11,1.6299999952316284,1.715000033378601,1.6200000047683716,1.7100000381469727,1157200,CRBU
2025-07-14,1.7000000476837158,1.7699999809265137,1.621999979019165,1.6299999952316284,1626200,CRBU
2025-07-15,1.6100000143051147,1.7699999809265137,1.6050000190734863,1.7200000286102295,1158000,CRBU
2025-07-16,1.8300000429153442,1.850000023841858,1.6399999856948853,1.6649999618530273,1731800,CRBU
2025-07-17,1.8300000429153442,1.9249999523162842,1.7940000295639038,1.850000023841858,1640100,CRBU
2025-07-18,2.049999952316284,2.130000114440918,1.8350000381469727,1.8700000047683716,2979800,CRBU
2025-07-21,2.069999933242798,2.3399999141693115,2.049999952316284,2.0999999046325684,2558700,CRBU
2025-07-22,2.369999885559082,2.390000104904175,2.0299999713897705,2.069999933242798,2480700,CRBU
2025-07-23,2.4800000190734863,2.6600000858306885,2.2799999713897705,2.380000114440918,3027100,CRBU
2025-07-24,2.369999885559082,2.549999952316284,2.319999933242798,2.5399999618530273,2090000,CRBU
2025-07-25,2.2799999713897705,2.3399999141693115,2.1710000038146973,2.200000047683716,1755400,CRBU
2025-07-28,2.2899999618530273,2.309999942779541,2.1600000858306885,2.309999942779541,1804600,CRBU
2025-07-29,1.9600000381469727,2.2699999809265137,1.899999976158142,2.25,3556400,CRBU
2025-07-30,2.049999952316284,2.140000104904175,1.9950000047683716,2.0299999713897705,1663600,CRBU
2025-07-31,2.0299999713897705,2.1689999103546143,1.9919999837875366,2.0199999809265137,1449200,CRBU
2025-08-01,1.9500000476837158,1.9900000095367432,1.8600000143051147,1.9500000476837158,1252300,CRBU
2025-08-04,2.0999999046325684,2.130000114440918,1.940999984741211,2.0450000762939453,992300,CRBU
2025-08-05,2.0399999618530273,2.109999895095825,1.9950000047683716,2.109999895095825,1176300,CRBU
2025-08-06,1.8799999952316284,2.049999952316284,1.850000023841858,2.049999952316284,1426400,CRBU
2025-08-07,1.809999942779541,1.9199999570846558,1.7899999618530273,1.8899999856948853,1143000,CRBU
2025-08-08,1.7300000190734863,1.8700000047683716,1.715000033378601,1.8600000143051147,658700,CRBU
2025-08-11,1.7100000381469727,1.7699999809265137,1.6799999475479126,1.7000000476837158,644500,CRBU
2025-08-12,1.7899999618530273,1.7899999618530273,1.7050000429153442,1.7100000381469727,714200,CRBU
2025-08-13,1.9500000476837158,1.9500000476837158,1.6200000047683716,1.7200000286102295,1490400,CRBU
2025-08-14,2.0,2.0199999809265137,1.8300000429153442,1.9199999570846558,1277800,CRBU
2025-08-15,1.9800000190734863,2.0899999141693115,1.9500000476837158,2.0,1109000,CRBU
2025-08-18,1.8700000047683716,2.0,1.8650000095367432,1.9800000190734863,1375800,CRBU
2025-08-19,1.7699999809265137,1.9049999713897705,1.7300000190734863,1.8899999856948853,890000,CRBU
2025-08-20,1.7999999523162842,1.815000057220459,1.7350000143051147,1.7899999618530273,474300,CRBU
2025-08-21,1.840000033378601,1.840000033378601,1.7400000095367432,1.7799999713897705,564200,CRBU
2025-08-22,1.850000023841858,1.965000033378601,1.8200000524520874,1.840000033378601,1397700,CRBU
2025-08-25,1.8799999952316284,1.8899999856948853,1.7999999523162842,1.8200000524520874,542300,CRBU
2025-08-26,2.0,2.0199999809265137,1.8799999952316284,1.899999976158142,891700,CRBU
2025-08-27,1.9800000190734863,2.1589999198913574,1.9450000524520874,2.0199999809265137,1304600,CRBU
2025-08-28,1.940000057220459,2.0899999141693115,1.909999966621399,2.0199999809265137,958700,CRBU
2025-08-29,1.8700000047683716,1.9500000476837158,1.8350000381469727,1.9299999475479126,486500,CRBU
2025-09-02,1.8799999952316284,1.9600000381469727,1.8350000381469727,1.8600000143051147,500000,CRBU
2025-09-03,1.8899999856948853,1.940999984741211,1.850000023841858,1.8799999952316284,383200,CRBU
2025-09-04,1.850000023841858,1.909999966621399,1.7799999713897705,1.909999966621399,543800,CRBU
2025-09-05,1.8700000047683716,1.8990000486373901,1.8049999475479126,1.850000023841858,482100,CRBU
2025-09-08,1.809999942779541,1.878999948501587,1.7999999523162842,1.8600000143051147,456800,CRBU
2025-09-09,1.840000033378601,1.850000023841858,1.7699999809265137,1.8200000524520874,444400,CRBU
2025-09-10,1.7799999713897705,1.8600000143051147,1.7799999713897705,1.840000033378601,397100,CRBU
2025-09-11,1.909999966621399,1.9199999570846558,1.7999999523162842,1.7999999523162842,580400,CRBU
2025-09-12,1.7999999523162842,1.909999966621399,1.7899999618530273,1.899999976158142,578300,CRBU
2025-09-15,1.8300000429153442,1.850000023841858,1.7799999713897705,1.840000033378601,419600,CRBU
2025-09-16,1.7999999523162842,1.940000057220459,1.7899999618530273,1.8200000524520874,1063100,CRBU
2025-09-17,1.7200000286102295,1.850000023841858,1.715000033378601,1.809999942779541,1009800,CRBU
2025-09-18,1.7799999713897705,1.840000033378601,1.7400000095367432,1.7400000095367432,1975700,CRBU
2025-09-19,1.690000057220459,1.809999942779541,1.6799999475479126,1.809999942779541,1102400,CRBU
2025-09-22,1.9299999475479126,1.965000033378601,1.690000057220459,1.75,1359300,CRBU
2025-09-23,1.8600000143051147,1.9700000286102295,1.850000023841858,1.9700000286102295,902500,CRBU
2025-09-24,2.130000114440918,2.180000066757202,1.8600000143051147,1.8600000143051147,2177100,CRBU
2025-09-25,1.9299999475479126,2.109999895095825,1.899999976158142,2.0999999046325684,1263000,CRBU
2025-09-26,2.130000114440918,2.1600000858306885,1.8450000286102295,1.9299999475479126,1585100,CRBU
2025-09-29,2.299999952316284,2.309999942779541,2.1010000705718994,2.180000066757202,1582300,CRBU
2025-09-30,2.3299999237060547,2.369999885559082,2.190000057220459,2.309999942779541,1162200,CRBU
2025-10-01,2.259999990463257,2.390000104904175,2.234999895095825,2.319999933242798,1631700,CRBU
2025-10-02,2.2300000190734863,2.359999895095825,2.1700000762939453,2.2799999713897705,1386400,CRBU
2025-10-03,2.2699999809265137,2.3399999141693115,2.180000066757202,2.259999990463257,1344200,CRBU
2025-10-06,2.3399999141693115,2.369999885559082,2.25,2.299999952316284,817400,CRBU
2025-10-07,2.430000066757202,2.440000057220459,2.240000009536743,2.359999895095825,1434100,CRBU
2025-10-08,2.680000066757202,2.744999885559082,2.4000000953674316,2.440000057220459,2722800,CRBU
2025-10-09,2.75,2.869999885559082,2.700000047683716,2.759999990463257,1482200,CRBU
2025-10-10,2.490000009536743,2.7699999809265137,2.430000066757202,2.759999990463257,1711700,CRBU
2025-10-13,2.380000114440918,2.5999999046325684,2.369999885559082,2.549999952316284,767300,CRBU
2025-10-14,2.440000057220459,2.509999990463257,2.2699999809265137,2.3299999237060547,1030500,CRBU
2025-10-15,2.8399999141693115,2.8399999141693115,2.430000066757202,2.4649999141693115,1963100,CRBU
2025-10-16,2.6700000762939453,2.940000057220459,2.640000104904175,2.8299999237060547,951200,CRBU
2025-10-17,2.630000114440918,2.700000047683716,2.5799999237060547,2.630000114440918,668900,CRBU
2025-10-20,2.819999933242798,2.924999952316284,2.680000066757202,2.700000047683716,1174100,CRBU
2025-10-21,2.8399999141693115,2.9700000286102295,2.75,2.8299999237060547,1132100,CRBU
2025-10-22,2.5299999713897705,2.8499999046325684,2.440000057220459,2.8299999237060547,1421100,CRBU
2025-10-23,2.5,2.5899999141693115,2.4700000286102295,2.5199999809265137,377100,CRBU
2025-10-24,2.490000009536743,2.5999999046325684,2.450000047683716,2.569999933242798,656700,CRBU
2025-10-27,2.450000047683716,2.515000104904175,2.3450000286102295,2.509999990463257,838500,CRBU
2025-10-28,2.4700000286102295,2.5899999141693115,2.4000000953674316,2.4600000381469727,615600,CRBU
2025-10-29,2.369999885559082,2.490000009536743,2.3550000190734863,2.4800000190734863,532700,CRBU
2025-10-30,2.319999933242798,2.438999891281128,2.319999933242798,2.3499999046325684,474500,CRBU
2025-10-31,2.4200000762939453,2.4700000286102295,2.2750000953674316,2.309999942779541,564400,CRBU
2025-11-03,2.430000066757202,3.5350000858306885,2.380000114440918,3.4000000953674316,68354900,CRBU
2025-11-04,2.1700000762939453,2.4700000286102295,2.130000114440918,2.4000000953674316,5149900,CRBU
2025-11-05,2.190000057220459,2.2899999618530273,2.0899999141693115,2.2799999713897705,2121600,CRBU
2025-11-06,2.140000104904175,2.259999990463257,2.0799999237060547,2.25,1851600,CRBU
2025-11-07,2.0899999141693115,2.119999885559082,1.9299999475479126,2.0199999809265137,2962000,CRBU
2025-11-10,2.069999933242798,2.259999990463257,2.009999990463257,2.140000104904175,1993700,CRBU
2025-11-11,2.240000009536743,2.255000114440918,2.0399999618530273,2.049999952316284,1493300,CRBU
2025-11-12,2.259999990463257,2.2699999809265137,2.109999895095825,2.240000009536743,1492700,CRBU
2025-11-13,1.9850000143051147,2.299999952316284,1.9600000381469727,2.299999952316284,1922100,CRBU
2025-11-14,1.9900000095367432,2.069999933242798,1.9199999570846558,1.940000057220459,1379400,CRBU
2025-11-17,1.8899999856948853,2.006999969482422,1.850000023841858,1.9800000190734863,1353100,CRBU
2025-11-18,1.8700000047683716,1.9149999618530273,1.8300000429153442,1.8700000047683716,1196700,CRBU
2025-11-19,1.8200000524520874,1.8899999856948853,1.8049999475479126,1.850000023841858,924100,CRBU
2025-11-20,1.75,1.9199999570846558,1.7200000286102295,1.840000033378601,1533200,CRBU
2025-11-21,1.75,1.8600000143051147,1.7300000190734863,1.7400000095367432,1186500,CRBU
2025-11-24,1.8700000047683716,1.8700000047683716,1.75,1.7599999904632568,1004400,CRBU
2025-11-25,1.8700000047683716,1.8899999856948853,1.7599999904632568,1.8700000047683716,1074600,CRBU
2025-11-26,1.8799999952316284,1.8949999809265137,1.7999999523162842,1.8600000143051147,797600,CRBU
2025-11-28,1.940000057220459,1.9700000286102295,1.8700000047683716,1.899999976158142,407400,CRBU
2025-12-01,1.7699999809265137,1.8899999856948853,1.7599999904632568,1.8899999856948853,1161500,CRBU
2025-12-02,1.7599999904632568,1.8250000476837158,1.7450000047683716,1.7799999713897705,942200,CRBU
2025-12-03,1.8600000143051147,1.8700000047683716,1.7599999904632568,1.7599999904632568,808200,CRBU
2025-12-04,1.940000057220459,1.965000033378601,1.840000033378601,1.8700000047683716,954200,CRBU
2025-12-05,1.899999976158142,1.9500000476837158,1.8550000190734863,1.9299999475479126,726600,CRBU
2025-12-08,1.8899999856948853,1.9550000429153442,1.8600000143051147,1.9199999570846558,1022200,CRBU
2025-12-09,1.8700000047683716,1.899999976158142,1.8350000381469727,1.899999976158142,719400,CRBU
2025-12-10,1.899999976158142,1.909999966621399,1.815000057220459,1.8700000047683716,929700,CRBU
2025-12-11,1.8600000143051147,1.899999976158142,1.8200000524520874,1.8799999952316284,1055300,CRBU
2025-12-12,1.7899999618530273,1.875,1.7899999618530273,1.8600000143051147,1136100,CRBU
2025-12-15,1.7100000381469727,1.850000023841858,1.7100000381469727,1.840000033378601,1182100,CRBU
2025-12-16,1.690000057220459,1.7400000095367432,1.649999976158142,1.7200000286102295,1029500,CRBU
2025-12-17,1.6200000047683716,1.7300000190734863,1.6200000047683716,1.690000057220459,956200,CRBU
2025-12-18,1.6299999952316284,1.7450000047683716,1.6200000047683716,1.6299999952316284,1098100,CRBU
2025-12-19,1.6799999475479126,1.7000000476837158,1.6200000047683716,1.6399999856948853,1865700,CRBU
2025-12-22,1.7200000286102295,1.7350000143051147,1.6699999570846558,1.7000000476837158,689800,CRBU
2025-12-23,1.659999966621399,1.7200000286102295,1.6299999952316284,1.7200000286102295,891800,CRBU
2025-12-24,1.7200000286102295,1.7300000190734863,1.6399999856948853,1.649999976158142,333000,CRBU
2025-12-26,1.7000000476837158,1.7200000286102295,1.6449999809265137,1.7000000476837158,780200,CRBU
2025-12-29,1.649999976158142,1.7100000381469727,1.6399999856948853,1.690000057220459,1107800,CRBU
2025-12-30,1.590000033378601,1.649999976158142,1.5800000429153442,1.6399999856948853,1117500,CRBU
2025-12-31,1.590000033378601,1.6050000190734863,1.5549999475479126,1.5700000524520874,1249400,CRBU
2026-01-02,1.590000033378601,1.600000023841858,1.5399999618530273,1.590000033378601,881900,CRBU
2026-01-05,1.6100000143051147,1.6150000095367432,1.5399999618530273,1.590000033378601,726800,CRBU
2026-01-06,1.7200000286102295,1.7200000286102295,1.6100000143051147,1.6200000047683716,858100,CRBU
2026-01-07,1.7699999809265137,1.7999999523162842,1.6950000524520874,1.7200000286102295,1006400,CRBU
2026-01-08,1.690000057220459,1.7649999856948853,1.6799999475479126,1.7599999904632568,493300,CRBU
2026-01-09,1.659999966621399,1.7300000190734863,1.6399999856948853,1.7200000286102295,711600,CRBU
2026-01-12,1.5800000429153442,1.649999976158142,1.5199999809265137,1.6399999856948853,2562400,CRBU
2026-01-13,1.590000033378601,1.6399999856948853,1.5609999895095825,1.600000023841858,1035700,CRBU
2026-01-14,1.6100000143051147,1.6200000047683716,1.5800000429153442,1.600000023841858,724300,CRBU
2026-01-15,1.559999942779541,1.6299999952316284,1.5499999523162842,1.6200000047683716,1049300,CRBU
2026-01-16,1.4600000381469727,1.565000057220459,1.4500000476837158,1.5499999523162842,2637100,CRBU
2026-01-20,1.3899999856948853,1.4500000476837158,1.3899999856948853,1.440000057220459,1543500,CRBU
2026-01-21,1.4900000095367432,1.5,1.399999976158142,1.399999976158142,1394800,CRBU
2026-01-22,1.6200000047683716,1.649999976158142,1.4800000190734863,1.4950000047683716,1079400,CRBU
2026-01-23,1.5299999713897705,1.6299999952316284,1.5299999713897705,1.6100000143051147,957300,CRBU
2026-01-26,1.5299999713897705,1.5299999713897705,1.4700000286102295,1.5199999809265137,784100,CRBU
2026-01-27,1.5499999523162842,1.5800000429153442,1.5149999856948853,1.5299999713897705,488100,CRBU
2026-01-28,1.5199999809265137,1.559999942779541,1.4910000562667847,1.559999942779541,633400,CRBU
2026-01-29,1.4800000190734863,1.5299999713897705,1.465000033378601,1.5299999713897705,666000,CRBU
2026-01-30,1.409999966621399,1.4700000286102295,1.3899999856948853,1.4600000381469727,789900,CRBU
2026-02-02,1.4600000381469727,1.4800000190734863,1.3799999952316284,1.399999976158142,1157500,CRBU
2026-02-03,1.559999942779541,1.7400000095367432,1.4800000190734863,1.5549999475479126,2391300,CRBU
2026-02-04,1.6200000047683716,1.6399999856948853,1.4900000095367432,1.590000033378601,2184500,CRBU
2026-02-05,1.4800000190734863,1.6449999809265137,1.4500000476837158,1.600000023841858,1268100,CRBU
2026-02-06,1.5700000524520874,1.5800000429153442,1.4950000047683716,1.5199999809265137,1015700,CRBU
2026-02-09,1.6299999952316284,1.649999976158142,1.5299999713897705,1.5800000429153442,760800,CRBU
2026-02-10,1.5700000524520874,1.6299999952316284,1.5700000524520874,1.6299999952316284,1357400,CRBU
2026-02-11,1.590000033378601,1.600000023841858,1.475000023841858,1.5800000429153442,1120900,CRBU
2026-02-12,1.5199999809265137,1.590000033378601,1.4700000286102295,1.590000033378601,800400,CRBU
2026-02-13,1.5800000429153442,1.6399999856948853,1.5199999809265137,1.5199999809265137,1515400,CRBU
2026-02-17,1.5499999523162842,1.5800000429153442,1.5099999904632568,1.5700000524520874,628900,CRBU
2026-02-18,1.6200000047683716,1.6200000047683716,1.5299999713897705,1.5499999523162842,681500,CRBU
2026-02-19,1.7599999904632568,1.7699999809265137,1.5800000429153442,1.6100000143051147,1402800,CRBU
2026-02-20,1.7999999523162842,1.850000023841858,1.7100000381469727,1.75,1762800,CRBU
2026-02-23,1.9199999570846558,1.9299999475479126,1.7799999713897705,1.7999999523162842,1864500,CRBU
2026-02-24,2.140000104904175,2.2200000286102295,1.8700000047683716,1.8949999809265137,4617500,CRBU
2026-02-25,1.9500000476837158,2.180000066757202,1.9199999570846558,2.1500000953674316,2541800,CRBU
2026-02-26,1.9900000095367432,2.015000104904175,1.8700000047683716,1.9299999475479126,1217200,CRBU
2026-02-27,1.899999976158142,2.009999990463257,1.8899999856948853,1.9500000476837158,1371600,CRBU
2026-03-02,1.840000033378601,1.8849999904632568,1.7599999904632568,1.7799999713897705,1148300,CRBU
2026-03-03,1.7599999904632568,1.8049999475479126,1.725000023841858,1.7999999523162842,839100,CRBU
2026-03-04,1.7999999523162842,1.8600000143051147,1.7400000095367432,1.7799999713897705,745100,CRBU
2026-03-05,1.7100000381469727,1.815000057220459,1.6649999618530273,1.7899999618530273,1101400,CRBU
2026-03-06,1.8200000524520874,1.8300000429153442,1.659999966621399,1.659999966621399,1294500,CRBU
2026-03-09,1.9700000286102295,2.0,1.7899999618530273,1.7899999618530273,1634600,CRBU
2026-03-10,2.0299999713897705,2.059999942779541,1.9600000381469727,2.0,2310000,CRBU
2026-03-11,1.9700000286102295,2.0199999809265137,1.9249999523162842,2.0,995900,CRBU
2026-03-12,1.8899999856948853,1.9500000476837158,1.8600000143051147,1.9299999475479126,700500,CRBU
2026-03-13,1.8799999952316284,1.9299999475479126,1.840000033378601,1.9199999570846558,760700,CRBU
2026-03-16,1.8700000047683716,2.0,1.8600000143051147,1.8899999856948853,1351200,CRBU
2026-03-17,1.9700000286102295,1.9700000286102295,1.8600000143051147,1.8799999952316284,930300,CRBU
2026-03-18,1.909999966621399,2.005000114440918,1.8899999856948853,1.9600000381469727,1027600,CRBU
2026-03-19,1.9700000286102295,1.9800000190734863,1.8300000429153442,1.8700000047683716,1554200,CRBU
2026-03-20,1.8700000047683716,1.9700000286102295,1.850000023841858,1.9600000381469727,958700,CRBU
2026-03-23,1.8600000143051147,1.9199999570846558,1.8200000524520874,1.8899999856948853,789800,CRBU
2026-03-24,1.8200000524520874,1.8799999952316284,1.7599999904632568,1.840000033378601,940000,CRBU
2026-03-25,1.8799999952316284,1.9550000429153442,1.850000023841858,1.850000023841858,641800,CRBU
2026-03-26,1.909999966621399,2.005000114440918,1.840000033378601,1.840000033378601,1085500,CRBU
2026-03-27,1.7799999713897705,1.909999966621399,1.7599999904632568,1.8799999952316284,896000,CRBU
2026-03-30,1.7200000286102295,1.805999994277954,1.684999942779541,1.7899999618530273,1272500,CRBU
2026-03-31,1.899999976158142,2.005000114440918,1.7999999523162842,1.7999999523162842,1605500,CRBU
2026-04-01,1.9900000095367432,2.0399999618530273,1.9199999570846558,1.9199999570846558,1256600,CRBU
2026-04-02,1.940000057220459,2.005000114440918,1.8899999856948853,1.909999966621399,1063900,CRBU
2026-04-06,1.9500000476837158,2.005000114440918,1.9199999570846558,1.9500000476837158,633100,CRBU
2026-04-07,1.8600000143051147,1.940000057220459,1.840000033378601,1.940000057220459,1006500,CRBU
2026-04-08,1.9500000476837158,2.0,1.909999966621399,1.9500000476837158,1072900,CRBU
2026-04-09,1.9600000381469727,2.0,1.9299999475479126,1.9500000476837158,891100,CRBU
2026-04-10,1.9299999475479126,1.9830000400543213,1.899999976158142,1.9600000381469727,821300,CRBU
2026-04-13,1.9500000476837158,1.9900000095367432,1.899999976158142,1.909999966621399,1019700,CRBU
2026-04-14,2.119999885559082,2.1700000762939453,1.9700000286102295,1.9700000286102295,2679500,CRBU
2026-04-15,2.200000047683716,2.2200000286102295,2.130000114440918,2.140000104904175,1957300,CRBU
2026-04-16,2.1500000953674316,2.2149999141693115,2.0999999046325684,2.2100000381469727,2089100,CRBU
2026-04-17,2.200000047683716,2.257999897003174,2.140000104904175,2.2200000286102295,1808600,CRBU
2026-04-20,2.2899999618530273,2.319000005722046,2.174999952316284,2.2100000381469727,1965600,CRBU
2026-04-21,2.25,2.325000047683716,2.2300000190734863,2.299999952316284,1941300,CRBU
2026-04-22,2.359999895095825,2.390000104904175,2.260999917984009,2.2899999618530273,1443100,CRBU
2026-04-23,2.259999990463257,2.390000104904175,2.234999895095825,2.3299999237060547,1472400,CRBU
2026-04-24,2.130000114440918,2.265000104904175,2.109999895095825,2.259999990463257,1916000,CRBU
2026-04-27,2.130000114440918,2.259999990463257,2.0999999046325684,2.180000066757202,2150500,CRBU
2026-04-28,2.0799999237060547,2.1600000858306885,2.055000066757202,2.119999885559082,1135200,CRBU
2026-04-29,1.9199999570846558,2.0799999237060547,1.909999966621399,2.0799999237060547,1218400,CRBU
2026-04-30,1.8799999952316284,1.9550000429153442,1.840000033378601,1.9299999475479126,1024000,CRBU
2026-05-01,1.8700000047683716,1.909999966621399,1.8300000429153442,1.909999966621399,1136700,CRBU
2026-05-04,1.909999966621399,1.9700000286102295,1.850000023841858,1.850000023841858,1258200,CRBU
2026-05-05,1.9299999475479126,1.9850000143051147,1.8899999856948853,1.9500000476837158,992100,CRBU
2026-05-06,1.9500000476837158,1.9700000286102295,1.9249999523162842,1.9500000476837158,985900,CRBU
2026-05-07,1.8799999952316284,1.9550000429153442,1.8450000286102295,1.9500000476837158,1668400,CRBU
2026-05-08,1.940000057220459,1.9850000143051147,1.8899999856948853,1.899999976158142,891800,CRBU
2026-05-11,2.0299999713897705,2.184999942779541,1.9550000429153442,1.9700000286102295,1891300,CRBU
2026-05-12,2.0299999713897705,2.0799999237060547,1.965000033378601,2.0399999618530273,1762500,CRBU
2026-05-13,2.119999885559082,2.1500000953674316,1.9950000047683716,2.0299999713897705,1671000,CRBU
2026-05-14,2.140000104904175,2.319999933242798,1.9900000095367432,2.130000114440918,3446900,CRBU
2026-05-15,2.140000104904175,2.190000057220459,2.0899999141693115,2.130000114440918,1923800,CRBU
2026-05-18,2.069999933242798,2.2790000438690186,1.9800000190734863,2.1600000858306885,2047800,CRBU
2026-05-19,1.9700000286102295,2.1050000190734863,1.9450000524520874,2.049999952316284,1801700,CRBU
2026-05-20,2.0,2.0399999618530273,1.965000033378601,1.9800000190734863,1709800,CRBU
2026-05-21,1.9900000095367432,2.015000104904175,1.8799999952316284,1.9500000476837158,1368300,CRBU
2026-05-22,2.0999999046325684,2.119999885559082,1.972000002861023,2.0,1394300,CRBU
2026-05-26,2.1600000858306885,2.25,2.0850000381469727,2.0999999046325684,1938400,CRBU
2026-05-27,2.309999942779541,2.4049999713897705,2.140000104904175,2.180000066757202,3736000,CRBU
2026-05-28,2.309999942779541,2.365000009536743,2.25,2.299999952316284,1539500,CRBU
2026-05-29,2.359999895095825,2.4000000953674316,2.2699999809265137,2.3299999237060547,1389400,CRBU
2026-06-01,2.430000066757202,2.490000009536743,2.309999942779541,2.359999895095825,1966700,CRBU
2026-06-02,2.319999933242798,2.450000047683716,2.2899999618530273,2.450000047683716,1738300,CRBU
2026-06-03,2.0,2.299999952316284,2.0,2.2899999618530273,2141700,CRBU
2026-06-04,2.065000057220459,2.1500000953674316,2.009999990463257,2.009999990463257,1745500,CRBU
2026-06-05,1.9199999570846558,2.059999942779541,1.909999966621399,2.059999942779541,1677200,CRBU
2026-06-08,1.840000033378601,1.9700000286102295,1.8300000429153442,1.9700000286102295,1656000,CRBU
2026-06-09,1.840000033378601,1.9199999570846558,1.7799999713897705,1.850000023841858,1632200,CRBU
2026-06-10,1.7899999618530273,1.8799999952316284,1.7699999809265137,1.8300000429153442,967800,CRBU
2026-06-11,1.659999966621399,1.8250000476837158,1.6100000143051147,1.7999999523162842,2704800,CRBU
2026-06-12,1.5950000286102295,1.7660000324249268,1.590000033378601,1.7400000095367432,2293100,CRBU
2026-06-15,1.659999966621399,1.690000057220459,1.6100000143051147,1.6100000143051147,1707600,CRBU
2026-06-16,1.690000057220459,1.7300000190734863,1.6299999952316284,1.659999966621399,2087800,CRBU
2026-06-17,1.6399999856948853,1.7799999713897705,1.6299999952316284,1.659999966621399,1737000,CRBU
2026-06-18,1.6399999856948853,1.7000000476837158,1.5700000524520874,1.659999966621399,2539700,CRBU
2026-06-22,1.6399999856948853,1.7000000476837158,1.6200000047683716,1.6299999952316284,1771500,CRBU
2026-06-23,1.659999966621399,1.7200000286102295,1.6200000047683716,1.6200000047683716,2098500,CRBU
2026-06-24,1.659999966621399,1.7050000429153442,1.625,1.6699999570846558,1801100,CRBU
2026-06-25,1.5700000524520874,1.690000057220459,1.559999942779541,1.6799999475479126,1641400,CRBU
2026-06-26,,,,,11369472,CRBU
